1,8770345552076500992,2052976046033227463,0.40824829,0.571428571,3,1,11923,162,0,0,0,1,43,72.49280215,56,58.78587335
1,8770345552076500992,206575254142421262,0,0.333333333,10,0,3190,63,0,1,0.021808811,0.058722022,56,58.78587335,18,35.79470571
1,8770345552076500992,5300514971238686288,0,0.333333333,10,0,280061,1340,0,0,0,0,56,58.78587335,4,11.62756238
1,8770345552076500992,-2597788066013667919,0,0.571428571,3,0,278551,1325,0,0,0,0,56,58.78587335,32,46.4982492
1,8770345552076500992,-475671358688672588,0,0,9,0,1950,28,0,1,0.371390676,1,56,58.78587335,17,30.88781511
1,8770345552076500992,3297284522324361781,0,0.666666667,2,0,102762,527,0,0,0,0,56,58.78587335,26,46.71113405
1,8770345552076500992,6621686046384748634,0,0,10,0,107532,589,0,0,0,0,56,58.78587335,2,7.813781191
1,8770345552076500992,3088886295868524475,0.267261242,0.571428571,9,0,112560,620,0,0,0,0,56,58.78587335,6,17.8317031
1,8770345552076500992,-6218235327774203298,0,0.3,11,0,117419,670,0,0,0,0,56,58.78587335,9,24.51053091
1,5469645326481469441,1597968520888737460,0,0.125,7,0,61497,203,0,0,0,0,4,15.62756238,12,15.86313714
1,-1123766764748021757,-6858962038995375755,0.186500962,0,14,0,72839,217,0,0,0,0,37,23.41013568,9,15.63269035
1,-432009442234113020,-1638766938720868208,0.25,0.625,3,1,2310,74,0,1,0.894427191,1,3,12.72067179,2,7.813781191
3,-432009442234113020,9187414883802851166,0.25,0.714285714,2,1,19,1,1,1,0.894427191,1,3,12.72067179,2,7.813781191
2,-5259743562286187002,-8561362990847926447,0.204124145,0.428571429,4,1,469,28,0,1,0,1,2,9.813781191,3,9.965784285
3,3638897079246209025,1457162932404007281,0,0,10,0,20,1,1,2,0.747409319,0.747409319,4,11.62756238,17,53.41714013
1,-4502417463594112881,-1638766938720868208,0.158113883,0.625,3,1,2420,77,0,1,0.632455532,1,3,12.72067179,8,23.25512476
1,4714174693684836365,-2597788066013667919,0.471404521,0.5,4,1,264657,1144,0,0,0,0,32,46.4982492,6,17.8317031
3,4714174693684836365,2052976046033227463,0.471404521,0.714285714,2,0,30,1,1,2,1,1,43,72.49280215,6,17.8317031
1,751829264825288719,-6858962038995375755,0.141421356,0.272727273,8,0,219036,453,0,0,0,0,37,23.41013568,6,13.93156857
2,-6071247603371992037,1302521272076052251,0.316227766,0,11,0,300,17,1,1,0.052909148,0.037473661,83,79.55511941,4,11.62756238
1,-2029296135419313661,-7269386780655186384,0,0,15,0,99,8,1,1,1,1,11,23.44647154,2,7.813781191
1,-2029296135419313661,-2980936186803547550,0,0,14,0,147610,365,0,0,0,0,11,23.44647154,12,15.86313714
3,-2029296135419313661,5733891141980783164,0,0.363636364,9,0,46,4,1,1,1,1,11,23.44647154,2,7.813781191
1,-2029296135419313661,-4485050626746808750,0,0,13,0,510,13,0,1,1,1,11,23.44647154,7,18.83845916
2,-2029296135419313661,-8345872306846158379,0,0,14,0,126,8,2,2,0.393088928,0.10025129,11,23.44647154,759,1262.459861
3,-3801596667665593324,-5391077952867297859,0.837234458,0.333333333,4,1,26,1,2,2,0.90797029,1,87,85.17166311,4,11.62756238
2,-1327039541869517138,-4982228579179793229,0.88640526,0.625,5,1,170,3,1,1,1,1,2,7.813781191,3,9.965784285
3,-6480139662366516647,1597968520888737460,0,0.125,7,0,33,3,1,1,1,1,4,15.62756238,15,23.4976426
2,-5649863156895524839,-4982228579179793229,0.623609564,0.714285714,2,1,140,2,1,1,1,1,2,7.813781191,3,12.72067179
2,-831901811876991462,5536118737332388593,1,0.142857143,8,0,13175,179,0,0,0,0.948683298,2,7.813781191,8,23.74534976
1,-1187245501245716453,-1638766938720868208,0.353553391,0.625,3,1,65401,355,0,0,0,0,3,12.72067179,5,12.9248125
1,-1187245501245716453,9187414883802851166,0.353553391,0.714285714,2,1,103716,543,0,0,0,0,3,12.72067179,5,12.9248125
2,4434729294072384541,547183329169115264,0.23570226,0,13,0,7227,33,0,0,0,1,2,7.813781191,3,9.965784285
2,4434729294072384541,-6228464360341549830,0.516397779,0.8,2,0,700,4,0,1,0.970494959,1,2,7.813781191,12,32.88268715
1,4434729294072384541,1553971342973603701,0,0.7,3,0,109306,183,0,0,0,0.143995392,2,7.813781191,176,162.2619921
2,4434729294072384541,5029112685135322919,0.182574186,0.8,2,0,30,2,1,1,0.6,1,2,7.813781191,7,28.34823417
3,5725271260245987358,-2882565092094982833,0.56694671,0.230769231,10,1,90,5,1,1,1,1,2,7.813781191,5,12.9248125
3,1968831760037166111,5536118737332388593,1,0.2,8,1,80,4,1,1,1,1,2,7.813781191,2,7.813781191
1,4744362323705565216,7023374053668943240,0.288675135,0.272727273,8,1,8,0,2,2,0.277350098,0.658504608,15,56.09358393,3,12.72067179
2,4744362323705565216,-6255591359542604303,0.40824829,0.333333333,10,0,5208,50,0,0,0.124034735,0.658504608,15,56.09358393,9,23.89735285
1,4744362323705565216,-7113853526483214131,0,0.375,5,0,1969,14,0,3,0.577164779,0.699584764,15,56.09358393,727,978.5692739
3,6121711054857615077,-6852416571235670692,0.667423812,0.571428571,9,0,1517,19,0,1,0,0.274721128,18,61.20461524,36,55.58458275
3,6121711054857615077,-7326991616393754068,0.804030252,0.571428571,9,0,49,1,2,3,0.707106781,1,12,27.86313714,36,55.58458275
1,-3235981463141389787,-5422363852272691784,0,0,12,0,39,2,2,3,0.338193876,0.671298337,1074,1772.230769,7,27.59334667
3,3617441895246883249,1457162932404007281,0,0,9,0,100,4,2,2,0.444444444,0.52999894,4,11.62756238,13,35.78957774
3,2620601785900193834,6155288830395828824,0.223606798,0.428571429,4,1,10,0,1,1,0.186161845,0.083913681,77,140.7974342,24,75.01048679
3,2620601785900193834,7370003225355793882,0.377964473,0.375,5,1,16051,63,0,0,0.168709017,0.662745594,77,140.7974342,185,288.8559114
3,2620601785900193834,-293445945356472074,0,0.333333333,6,1,19,1,3,4,0.284608822,0.061411419,77,140.7974342,1957,1067.998044
1,2620601785900193834,8842081077701196753,0,0,10,0,130,2,1,2,0.183896099,0.059424148,77,140.7974342,4,15.62756238
1,2998846211280732203,-5607628163866178988,0.197385508,0.6,4,1,313661,691,0,0,0,0,2,7.813781191,8,23.74534976
2,-7326991616393754068,3027744445848160097,0.166666667,0.5,4,1,290127,506,0,0,0,0,12,27.86313714,9,35.40712786
3,-7326991616393754068,-6852416571235670692,0.843274043,0.714285714,2,1,784,14,0,1,0.194257172,0.274721128,18,61.20461524,12,27.86313714
3,-7326991616393754068,6121711054857615077,0.804030252,0.571428571,9,0,49,1,2,3,0.707106781,1,12,27.86313714,36,55.58458275
3,-7326991616393754068,2874258453984735390,0.769800359,0.571428571,9,0,40337,65,0,0,0,1,12,27.86313714,14,41.57705286
1,-7326991616393754068,-7288278799149942459,0,0.5,7,0,4,0,3,4,0.175239973,0.288211974,12,27.86313714,3468,4791.942024
1,-9141531074427336147,1302521272076052251,0,0.363636364,7,0,8590,36,0,0,0.0166793,0.94506822,83,79.55511941,17,43.36339232
1,-9141531074427336147,-5545441216556956714,0,0.3,7,0,14327,64,0,0,0,0.536080259,133,110.497136,17,43.36339232
2,-9141531074427336147,7327148465482017222,0,0.230769231,10,0,14,0,3,4,0.352961287,0.43009551,1120,948.4640836,17,43.36339232
1,-7269386780655186384,-2029296135419313661,0,0,15,0,99,8,1,1,1,1,11,23.44647154,2,7.813781191
2,-4982228579179793229,-5649863156895524839,0.623609564,0.714285714,2,1,140,2,1,1,1,1,2,7.813781191,3,12.72067179
2,-4982228579179793229,-1327039541869517138,0.88640526,0.625,5,1,170,3,1,1,1,1,2,7.813781191,3,9.965784285
1,5408716525418860596,-5391077952867297859,0,0.142857143,6,0,167571,760,0,0,0.90797029,0,87,85.17166311,3,9.965784285
1,5408716525418860596,-5623076401969623754,0,0.142857143,6,0,111395,576,0,0,0,0,6,13.93156857,3,9.965784285
1,3297284522324361781,8770345552076500992,0,0.666666667,2,0,102762,527,0,0,0,0,56,58.78587335,26,46.71113405
1,3297284522324361781,6403367341950542914,0,0,11,0,10,0,5,7,0.133159861,0.768442751,26,46.71113405,239,437.5934972
1,3297284522324361781,-3869969215241703695,0.23570226,0,10,0,148898,630,0,0,0,0,26,46.71113405,32,44.83968959
1,3297284522324361781,-4884068673135230904,0,0,8,0,70,3,1,1,0.070764755,0.080321933,26,46.71113405,17,52.39759012
1,3297284522324361781,2052976046033227463,0,0.571428571,3,0,88778,336,0,0,0,0,26,46.71113405,43,72.49280215
1,3297284522324361781,-944584831090228819,0,0.571428571,9,0,30,1,1,2,0.421926508,0.447213595,26,46.71113405,3,14.72067179
1,3297284522324361781,-1377889562200217105,0.40824829,0,9,0,148887,629,0,0,0,0,26,46.71113405,2,9.813781191
1,3297284522324361781,-2597788066013667919,0.471404521,0.571428571,3,1,160870,686,0,0,0.895041285,0,26,46.71113405,32,46.4982492
1,3297284522324361781,8276504621475869432,0,0,8,0,30,2,1,1,0.312297607,0.57058975,26,46.71113405,189,511.5674576
1,-475671358688672588,8770345552076500992,0,0,9,0,1950,28,0,1,0.371390676,1,56,58.78587335,17,30.88781511
2,-944310248985486788,7327148465482017222,0,0,9,0,4,0,7,13,0.442516981,0.342034965,1120,948.4640836,54,212.2430362
2,-4328304027679219648,-9035305353978400682,1,0.5,2,1,33,1,1,1,1,1,11,20.7565156,19,30.55988685
2,-6917630910513190335,-7279093170167709267,0,0,13,0,25,1,2,2,0.091091282,0.227256334,1640,732.2523199,5,12.9248125
1,6403367341950542914,3297284522324361781,0,0,11,0,10,0,5,7,0.133159861,0.768442751,26,46.71113405,239,437.5934972
2,6403367341950542914,-5391077952867297859,0,0.125,7,0,9,0,12,12,0.902399035,0.768442751,87,85.17166311,239,437.5934972
1,3747816782934157379,2534638766913184503,0.5,0.375,6,1,169154,298,0,0,0,0.409537078,19,26.62756238,532,722.5375469
1,-7722503403585607100,-5607628163866178988,0.267261242,0.363636364,7,1,67301,42,0,0,0,0,2,7.813781191,29,78.06099632
1,-4884068673135230904,3297284522324361781,0,0,8,0,70,3,1,1,0.070764755,0.080321933,26,46.71113405,17,52.39759012
2,-589520746785265570,140433390261230966,0.213200716,0,13,0,24,1,2,3,0.998752339,0.998752339,21,41.3293457,3,12.72067179
1,-2980936186803547550,4125032770086418209,0,0,10,0,348576,764,0,0,0,0,5,12.9248125,12,15.86313714
1,-2980936186803547550,-2029296135419313661,0,0,14,0,147610,365,0,0,0,0,11,23.44647154,12,15.86313714
1,5300514971238686288,8770345552076500992,0,0.333333333,10,0,280061,1340,0,0,0,0,56,58.78587335,4,11.62756238
1,5300514971238686288,9187414883802851166,0.25,0.444444444,5,1,268757,1227,0,0,0,0,3,12.72067179,4,11.62756238
1,5300514971238686288,2052976046033227463,0,0.3,11,0,266077,1158,0,0,0,0,43,72.49280215,4,11.62756238
1,1680454381265504850,-2779304244994613012,0,0.1875,14,0,352471,1173,0,0,0,0,2,7.813781191,2,7.813781191
2,6733705648346459731,-9035305353978400682,0.603022689,0.125,7,0,659,10,0,1,0,1,11,20.7565156,9,28.55237489
1,-5607628163866178988,-656562948334881853,0.233284737,0.6,4,1,10,0,1,2,0.447213595,1,2,7.813781191,3,14.72067179
1,-5607628163866178988,-7722503403585607100,0.267261242,0.363636364,7,1,67301,42,0,0,0,0,2,7.813781191,29,78.06099632
1,-5607628163866178988,6065360996209869445,0.291605922,0.6,4,1,40,3,1,1,0.124034735,1,2,7.813781191,18,38.32403072
1,-5607628163866178988,-639413153677494005,0.24743583,0.3,7,1,214761,463,0,0,0,0,2,7.813781191,10,15.84962501
1,-5607628163866178988,2466311761540752080,0.178174161,0.363636364,7,1,20,1,1,1,0.014454852,0.94177771,2,7.813781191,110,178.423668
1,-5607628163866178988,2998846211280732203,0.197385508,0.6,4,1,313661,691,0,0,0,0,2,7.813781191,8,23.74534976
1,-5607628163866178988,6126509869916615636,0.267261242,0.363636364,7,1,105586,476,0,0,0,0,2,7.813781191,24,67.79120584
1,-5607628163866178988,-4220875009965547113,0.281718085,0.6,4,1,3611,16,0,0,0,1,2,7.813781191,2,7.813781191
2,-9035305353978400682,-4328304027679219648,1,0.5,2,1,33,1,1,1,1,1,11,20.7565156,19,30.55988685
2,-9035305353978400682,-1331919754664660829,1,0.5,2,1,11,0,1,1,1,1,11,20.7565156,5,17.77956548
2,-9035305353978400682,-4451197785283147675,0.87038828,0.5,2,1,291,3,1,1,0.98386991,1,11,20.7565156,13,23.73582994
1,-9035305353978400682,5623843373344072614,0,0.2,4,0,15539,57,0,0,0,1,11,20.7565156,2,7.813781191
1,-9035305353978400682,6379012217905632937,0,0.142857143,6,0,44491,125,0,0,0,0.196116135,11,20.7565156,18,27.72067179
2,-9035305353978400682,-1414087453251599219,0.674199862,0.166666667,7,1,10,0,2,2,1,1,11,20.7565156,4,11.62756238
2,-9035305353978400682,6733705648346459731,0.603022689,0.125,7,0,659,10,0,1,0,1,11,20.7565156,9,28.55237489
2,-9035305353978400682,-6456072330035341367,0.87038828,0.5,2,1,252,2,1,1,1,1,11,20.7565156,4,11.62756238
2,-9035305353978400682,734646225036430460,0.603022689,0.166666667,5,0,611,9,0,1,0,1,11,20.7565156,5,16.53445298
2,-9035305353978400682,-4245912805014885123,0.426401433,0.5,2,1,12,0,3,4,0.474099823,1,11,20.7565156,20,37.27720807
3,-4904030079657885255,-5623076401969623754,0.452910814,0.166666667,5,0,400,8,0,1,1,1,6,13.93156857,23,8.81655871
3,6155288830395828824,2620601785900193834,0.223606798,0.428571429,4,1,10,0,1,1,0.186161845,0.083913681,77,140.7974342,24,75.01048679
2,-7279093170167709267,-6917630910513190335,0,0,13,0,25,1,2,2,0.091091282,0.227256334,1640,732.2523199,5,12.9248125
1,-7279093170167709267,-656562948334881853,0,0.230769231,10,0,30,2,4,4,0.164457827,0.618270909,1640,732.2523199,3,14.72067179
2,-7279093170167709267,-4220875009965547113,0,0.230769231,10,0,170,5,2,2,0.124828794,0.618270909,1640,732.2523199,2,7.813781191
2,-7279093170167709267,7659494814138576565,0.23570226,0,13,0,90489,354,0,0,0,0,1640,732.2523199,2,9.813781191
1,-7279093170167709267,9159539021071346551,0.226455407,0,13,0,6790,43,0,0,0,0.696251024,1640,732.2523199,2,7.813781191
1,-7279093170167709267,-9154220757137219655,0,0,14,0,10,0,3,3,0.583530652,0.684482115,1640,732.2523199,33,49.42406127
3,-7279093170167709267,4366737852116469947,0.144337567,0.777777778,2,0,9,0,26,30,0.29222899,0.780656674,1640,732.2523199,762,321.4390785
1,-7279093170167709267,-2745697195167835139,0.288675135,0.25,9,0,94189,431,0,0,0.212613845,0,1640,732.2523199,144,145.4370407
3,-7279093170167709267,-6858962038995375755,0.182574186,0.777777778,2,0,219,4,1,2,0.167000684,0.285184419,1640,732.2523199,37,23.41013568
1,6621686046384748634,8770345552076500992,0,0,10,0,107532,589,0,0,0,0,56,58.78587335,2,7.813781191
3,6621686046384748634,-5391077952867297859,0.861891607,0.333333333,4,1,19,1,2,2,0.90797029,1,87,85.17166311,2,7.813781191
2,5536118737332388593,7227388656712159427,1,0.166666667,7,0,13165,178,0,0,0,0.10976426,2,7.813781191,11,38.46602155
3,5536118737332388593,-2985454490415084919,1,0.2,8,1,10,0,1,1,1,1,2,7.813781191,2,7.813781191
3,5536118737332388593,-2813085773565960240,1,0.75,1,1,242655,494,0,0,0,0,2,7.813781191,3,14.72067179
3,5536118737332388593,-1664919431644979982,1,0.25,6,1,100,5,1,1,1,1,2,7.813781191,5,12.9248125
2,5536118737332388593,4999600318061446387,1,0.285714286,5,1,230,11,1,2,1,1,2,7.813781191,8,19.60364031
3,5536118737332388593,1711117033630209140,1,0.5,2,1,220,10,1,2,0.8,0.742781353,2,7.813781191,9,38.16201536
2,5536118737332388593,-6813571316469753672,0,0.4,3,1,133,7,2,2,1,1,2,7.813781191,3,12.72067179
2,5536118737332388593,-831901811876991462,1,0.142857143,8,0,13175,179,0,0,0,0.948683298,2,7.813781191,8,23.74534976
3,5536118737332388593,1968831760037166111,1,0.2,8,1,80,4,1,1,1,1,2,7.813781191,2,7.813781191
2,-7782388002827056198,-1173044318053703402,0,0,17,0,130,4,1,2,0.707106781,1,30,32.23883096,2,9.813781191
1,-6218235327774203298,8770345552076500992,0,0.3,11,0,117419,670,0,0,0,0,56,58.78587335,9,24.51053091
1,-6218235327774203298,9187414883802851166,0.25,0.4,6,1,106116,555,0,0,0,0,3,12.72067179,9,24.51053091
1,2851863230384119393,7370003225355793882,0,0,13,0,43,14,1,2,0.273025373,0.870470423,185,288.8559114,9,28.16201536
1,-2755290905654740894,-5422363852272691784,0.40824829,0.3,14,0,189,10,1,2,0.277487828,0.583538797,1074,1772.230769,6,13.93156857
1,-5279638635394654789,1597968520888737460,0,0.111111111,8,0,177262,843,0,0,0,0,4,15.62756238,2,7.813781191
1,-3724941101670793628,-4521321390272180364,0.40824829,0.555555556,4,1,727357,1199,0,0,0.374860366,0,26,28.52050546,570,237.9612934
2,-4451197785283147675,-9035305353978400682,0.87038828,0.5,2,1,291,3,1,1,0.98386991,1,11,20.7565156,13,23.73582994
3,9042295765396564241,-5391077952867297859,0.175411604,0,9,0,19,4,2,2,0.292856679,1,87,85.17166311,2,9.813781191
2,3777242818409713258,1597968520888737460,0.327326835,0.111111111,8,0,60897,192,0,0,0,0,4,15.62756238,18,13.26538069
1,7826629371069573394,140433390261230966,0.216295228,0.6,4,1,3721,17,0,0,0,0.049937617,21,41.3293457,6,13.93156857
1,-3982936488820278148,1302521272076052251,0,0,12,0,110,5,1,1,0.052909148,0.037473661,83,79.55511941,2,7.813781191
2,5720331029493206642,-6858962038995375755,0,0.777777778,2,0,88539,259,0,0,0,0,37,23.41013568,16,35.78119358
2,1471163620508056179,-8854358909645556187,0.21821789,0.090909091,10,0,19,1,1,2,0.572848444,1,2,7.813781191,39,95.7311765
3,1711117033630209140,5536118737332388593,1,0.5,2,1,220,10,1,2,0.8,0.742781353,2,7.813781191,9,38.16201536
1,-8084945369898106808,-5545441216556956714,0,0,9,0,2025,11,0,2,0.147274708,0.623951602,133,110.497136,27,94.07967412
1,-8084945369898106808,7327148465482017222,0,0,12,0,10,0,6,7,0.633618948,0.523630785,1120,948.4640836,27,94.07967412
1,-8153197653302601095,-1638766938720868208,0.288675135,0.444444444,13,0,227422,1024,0,0,0,0,3,12.72067179,3,12.72067179
2,5228550764074687167,-4521321390272180364,0,0,12,0,10,0,3,3,0.613220803,1,26,28.52050546,135,83.92588398
2,734646225036430460,-9035305353978400682,0.603022689,0.166666667,5,0,611,9,0,1,0,1,11,20.7565156,5,16.53445298
2,-4595723532857664386,-4417974180860388432,0.901387819,0.5,4,1,19,1,2,2,0.999927428,1,5,17.77956548,32,54.13372123
1,-5513959557854897131,-4555706720516726589,0.857142857,0.6,2,1,12925,49,0,0,0,1,6,13.93156857,2,7.813781191
1,-5513959557854897131,-2882565092094982833,0.668153105,0.222222222,7,1,47423,81,0,0,0,0,2,7.813781191,6,13.93156857
2,547183329169115264,4434729294072384541,0.23570226,0,13,0,7227,33,0,0,0,1,2,7.813781191,3,9.965784285
3,6245464963627118721,1597968520888737460,0.316227766,0.111111111,8,0,61245,197,0,0,0,0,4,15.62756238,6,13.93156857
3,6065360996209869445,1302521272076052251,0,0.363636364,7,0,246086,537,0,0,0.002187524,0,83,79.55511941,18,38.32403072
1,6065360996209869445,-5607628163866178988,0.291605922,0.6,4,1,40,3,1,1,0.124034735,1,2,7.813781191,18,38.32403072
3,6065360996209869445,-1173044318053703402,0,0.333333333,10,0,214021,454,0,0,0,0,30,32.23883096,18,38.32403072
1,6065360996209869445,-5545441216556956714,0,0.3,7,0,116664,153,0,0,0,0,133,110.497136,18,38.32403072
1,5440150862185195991,9016007751633280743,0.15,0.111111111,8,0,13706,53,0,0,0,1,3,9.965784285,24,13.72344931
1,5440150862185195991,6379012217905632937,0.158113883,0.1,9,0,461211,568,0,0,0,0,3,9.965784285,18,27.72067179
1,5440150862185195991,-3710091148985553588,0.173205081,0.125,7,0,526834,618,0,0,0,0,3,9.965784285,6,19.44134357
1,5440150862185195991,7851315948870440590,0.820782682,0.625,3,1,40,1,1,1,1,1,3,9.965784285,3,9.965784285
1,5440150862185195991,-8245551169919057128,0.2,0.142857143,6,0,526813,617,0,0,0,0,3,9.965784285,2,7.813781191
3,-3814957204205537599,1679786548568552357,0.75,0.75,2,1,679,8,0,1,0.707106781,1,4,17.62756238,25,31.96164213
3,-2985454490415084919,5536118737332388593,1,0.2,8,1,10,0,1,1,1,1,2,7.813781191,2,7.813781191
3,-6076396256602099573,-2597788066013667919,0,0,10,0,38,3,1,2,0.948683298,1,32,46.4982492,52,39.77970511
1,-3247911509705317236,-2779304244994613012,0.166666667,0,13,0,83768,257,0,0,1,0,2,7.813781191,3,9.965784285
2,-1414087453251599219,-9035305353978400682,0.674199862,0.166666667,7,1,10,0,2,2,1,1,11,20.7565156,4,11.62756238
1,7851315948870440590,5440150862185195991,0.820782682,0.625,3,1,40,1,1,1,1,1,3,9.965784285,3,9.965784285
2,-7885675672318432625,-4417974180860388432,0.868599036,0.5,7,0,100,2,1,1,0.554700196,1,5,17.77956548,2,7.813781191
1,-1638766938720868208,3088886295868524475,0.377964473,0.625,3,1,62941,312,0,0,0,0,3,12.72067179,6,17.8317031
1,-1638766938720868208,-432009442234113020,0.25,0.625,3,1,2310,74,0,1,0.894427191,1,3,12.72067179,2,7.813781191
1,-1638766938720868208,-8333048680538666007,0,0,12,0,29,2,1,1,0.843274043,0.514495755,3,12.72067179,8,30.50023726
1,-1638766938720868208,206575254142421262,0.288675135,0.4,6,1,10453,153,0,0,0,0.058722022,3,12.72067179,18,35.79470571
1,-1638766938720868208,-4502417463594112881,0.158113883,0.625,3,1,2420,77,0,1,0.632455532,1,3,12.72067179,8,23.25512476
1,-1638766938720868208,-1466756233049451436,0.288675135,0.625,3,1,401052,1675,0,0,0,0,3,12.72067179,2,9.813781191
1,-1638766938720868208,-6222772451038581959,0,0,12,0,69,3,1,1,0.042352355,0.141421356,3,12.72067179,24,38.27850599
1,-1638766938720868208,-8153197653302601095,0.288675135,0.444444444,13,0,227422,1024,0,0,0,0,3,12.72067179,3,12.72067179
1,-1638766938720868208,-1187245501245716453,0.353553391,0.625,3,1,65401,355,0,0,0,0,3,12.72067179,5,12.9248125
1,-1638766938720868208,-1229918058285954180,0.176776695,0.625,3,1,2090,57,0,1,0,0.948683298,3,12.72067179,4,14.87267488
1,-1638766938720868208,9187414883802851166,0.25,0.625,3,1,2340,76,0,1,0.8,1,3,12.72067179,3,12.72067179
1,-8854358909645556187,4729060206913757576,0.577350269,0.6,2,1,281656,470,0,0,0,0,2,7.813781191,7,21.59334667
2,-8854358909645556187,3893893341987574882,0.577350269,0.6,2,1,100092,242,0,0,0,0,2,7.813781191,2,7.813781191
2,-8854358909645556187,1471163620508056179,0.21821789,0.090909091,10,0,19,1,1,2,0.572848444,1,2,7.813781191,39,95.7311765
2,-8854358909645556187,-1077832249387804298,1,0.333333333,4,1,6241,106,0,0,0,1,2,7.813781191,2,7.813781191
2,-8854358909645556187,-7577351013313645537,0.471404521,0.6,2,1,4600,77,0,0,0,1,2,7.813781191,3,9.965784285
3,5652856355163972339,-6485215480432404669,0.269679945,0.4,3,1,30,1,1,1,0.939552351,0.91146543,9,32.55237489,4,14.87267488
1,5231502778579724227,1679786548568552357,0,0.5,4,0,1368626,1967,0,0,0,0,4,17.62756238,26,54.78516797
1,-607745376426799615,1302521272076052251,0.267261242,0,11,0,130,6,1,1,0.052909148,0.037473661,83,79.55511941,4,11.62756238
1,-607745376426799615,-321024213952487530,0.676123404,0.6,2,1,70735,227,0,0,0,0,7,14.69674971,4,11.62756238
3,-3958911936814308203,6475372823698580970,0,0.666666667,2,0,90,2,2,2,1,1,4,11.62756238,23,54.61965274
1,-3958911936814308203,-7113853526483214131,0,0.6,2,0,16646,141,0,0,0.207323074,0.420804081,727,978.5692739,23,54.61965274
1,-321024213952487530,-1811359465259642401,0.8,0.6,2,1,232652,612,0,0,0,0,7,14.69674971,30,51.4477378
1,-321024213952487530,-607745376426799615,0.676123404,0.6,2,1,70735,227,0,0,0,0,7,14.69674971,4,11.62756238
2,-321024213952487530,3209127386563876098,0,0,9,0,150,5,1,1,1,1,7,14.69674971,2,7.813781191
2,-321024213952487530,-3823043688863252637,0.676123404,0.6,2,1,770,22,0,1,0,1,7,14.69674971,2,7.813781191
1,-321024213952487530,5329486684408663721,0,0.142857143,6,0,416258,1060,0,0,0,0,7,14.69674971,3,9.965784285
3,-321024213952487530,-4053118592545222350,0,0.142857143,6,0,116,3,1,1,1,1,7,14.69674971,2,7.813781191
2,-321024213952487530,-1173044318053703402,0,0,12,0,102220,300,0,0,0,0,30,32.23883096,7,14.69674971
2,-321024213952487530,-328163596854318887,0.596284794,0.6,2,1,670,21,0,1,0,1,7,14.69674971,4,11.62756238
2,-321024213952487530,-7002093306497512485,0.516397779,0.428571429,4,1,960,25,0,1,0,1,7,14.69674971,3,9.965784285
1,-321024213952487530,8617430631151553311,0.730296743,0.6,2,1,333385,808,0,0,0,0,7,14.69674971,2,7.813781191
1,-6485215480432404669,7490301164890742163,0.404519917,0,6,0,87916,106,0,0,0.08304548,0,9,32.55237489,3,14.72067179
3,-6485215480432404669,5652856355163972339,0.269679945,0.4,3,1,30,1,1,1,0.939552351,0.91146543,9,32.55237489,4,14.87267488
1,-6485215480432404669,1240393582086895060,0.363636364,0,6,0,76766,99,0,0,0,0.960768923,9,32.55237489,2,7.813781191
1,-6485215480432404669,5180187467795544346,0.272727273,0.25,6,1,18486,70,0,0,0,0.160128154,9,32.55237489,6,13.93156857
3,-3283122981277119626,-1173044318053703402,0,0.333333333,10,0,217403,462,0,0,0,0,30,32.23883096,4,14.87267488
2,-2129827510968431459,-3541953343857967247,0.833333333,0.666666667,2,1,959,62,0,1,0.707106781,0.707106781,2,7.813781191,2,9.813781191
2,-2129827510968431459,-1817489842411474029,0.833333333,0.666666667,2,1,529,34,0,1,1,1,2,7.813781191,2,7.813781191
2,-2129827510968431459,-2297558805017164657,0.23570226,0.25,6,1,20,0,1,1,0.447213595,0.447213595,2,7.813781191,3,14.72067179
3,2874258453984735390,-6852416571235670692,0.63900965,0.571428571,9,0,39490,56,0,0,0,0.274721128,18,61.20461524,14,41.57705286
3,2874258453984735390,-7326991616393754068,0.769800359,0.571428571,9,0,40337,65,0,0,0,1,12,27.86313714,14,41.57705286
2,-5848993385837690602,7370003225355793882,0.46291005,0.636363636,4,1,9,0,7,10,0.865306085,0.733832077,185,288.8559114,46,68.06540193
2,-1331919754664660829,-9035305353978400682,1,0.5,2,1,11,0,1,1,1,1,11,20.7565156,5,17.77956548
3,-3473704319121278607,-5623076401969623754,0.226455407,0.166666667,5,0,360,6,0,1,1,1,6,13.93156857,2,7.813781191
1,5329486684408663721,-1173044318053703402,0,0,12,0,313587,813,0,0,0,0,30,32.23883096,3,9.965784285
1,5329486684408663721,-5545441216556956714,0,0,9,0,216231,531,0,0,0,0,133,110.497136,3,9.965784285
1,5329486684408663721,7327148465482017222,0,0,12,0,216447,532,0,0,0.492963858,0,1120,948.4640836,3,9.965784285
1,5329486684408663721,-321024213952487530,0,0.142857143,6,0,416258,1060,0,0,0,0,7,14.69674971,3,9.965784285
1,-7585068539896981049,1302521272076052251,0.316227766,0,11,0,260,14,1,1,0.052909148,0.037473661,83,79.55511941,2,7.813781191
1,-3056437600443260754,-2779304244994613012,0.136082763,0,12,0,330721,969,0,0,0,0,2,7.813781191,6,17.8317031
2,1341225826703000093,1457162932404007281,0.25,0,11,0,130,10,1,1,0.099503719,1,4,11.62756238,11,30.7565156
3,-5474207428842507600,-5623076401969623754,0.554700196,0.142857143,6,0,170,5,1,1,1,1,6,13.93156857,19,12.52029856
1,-5659476482289371981,-2779304244994613012,0,0,11,0,130,7,1,1,0.6401844,1,2,7.813781191,11,26.85638107
1,1597968520888737460,5469645326481469441,0,0.125,7,0,61497,203,0,0,0,0,4,15.62756238,12,15.86313714
3,1597968520888737460,6245464963627118721,0.316227766,0.111111111,8,0,61245,197,0,0,0,0,4,15.62756238,6,13.93156857
2,1597968520888737460,3777242818409713258,0.327326835,0.111111111,8,0,60897,192,0,0,0,0,4,15.62756238,18,13.26538069
1,1597968520888737460,6635534698272940235,0,0.111111111,8,0,330551,966,0,0,0,0,4,15.62756238,3,9.965784285
3,1597968520888737460,-2567659814813296137,0.40824829,0.166666667,5,0,82739,341,0,0,0,0,4,15.62756238,5,16.53445298
2,1597968520888737460,8270935812961107448,0.246182982,0.2,10,0,10,0,1,1,1,1,4,15.62756238,2,7.813781191
3,1597968520888737460,-6480139662366516647,0,0.125,7,0,33,3,1,1,1,1,4,15.62756238,15,23.4976426
1,1597968520888737460,-5279638635394654789,0,0.111111111,8,0,177262,843,0,0,0,0,4,15.62756238,2,7.813781191
3,1597968520888737460,-2257372815870093441,0,0.111111111,8,0,3869,38,0,0,0,1,4,15.62756238,4,15.62756238
2,7659494814138576565,-7279093170167709267,0.23570226,0,13,0,90489,354,0,0,0,0,1640,732.2523199,2,9.813781191
2,-7836561761644900407,-1173044318053703402,0,0,12,0,9,2,2,3,0.390566733,0.351123442,30,32.23883096,11,32.3243121
2,-6813571316469753672,5536118737332388593,0,0.4,3,1,133,7,2,2,1,1,2,7.813781191,3,12.72067179
1,-181606558121997638,-5422363852272691784,0,0.375,6,0,9,0,8,15,0.433899746,0.689675481,1074,1772.230769,158,299.3514877
3,4366737852116469947,-7279093170167709267,0.144337567,0.777777778,2,0,9,0,26,30,0.29222899,0.780656674,1640,732.2523199,762,321.4390785
1,1553971342973603701,4125032770086418209,0,0.090909091,10,0,115406,330,0,0,0,0.143995392,5,12.9248125,176,162.2619921
2,1553971342973603701,7370003225355793882,0.428571429,0.777777778,2,1,10,0,3,6,0.886963148,0.345859183,185,288.8559114,176,162.2619921
1,1553971342973603701,4434729294072384541,0,0.7,3,0,109306,183,0,0,0,0.143995392,2,7.813781191,176,162.2619921
1,9008372521817942209,-5422363852272691784,0,0.333333333,7,0,100,2,1,1,0.287533501,0.323782213,1074,1772.230769,426,513.492012
1,9008372521817942209,1679786548568552357,0,0.5,4,0,1118670,1523,0,0,0,0.007949663,4,17.62756238,426,513.492012
2,7227388656712159427,5536118737332388593,1,0.166666667,7,0,13165,178,0,0,0,0.10976426,2,7.813781191,11,38.46602155
2,-1077832249387804298,-8854358909645556187,1,0.333333333,4,1,6241,106,0,0,0,1,2,7.813781191,2,7.813781191
1,2052976046033227463,8770345552076500992,0.40824829,0.571428571,3,1,11923,162,0,0,0,1,43,72.49280215,56,58.78587335
1,2052976046033227463,-7980071836115384573,0,0.3,7,0,77320,456,0,0,0,0,43,72.49280215,2,7.813781191
1,2052976046033227463,3371992236434454245,0,0.5,10,0,10,0,2,2,1,1,43,72.49280215,4,11.62756238
3,2052976046033227463,4714174693684836365,0.471404521,0.714285714,2,0,30,1,1,2,1,1,43,72.49280215,6,17.8317031
1,2052976046033227463,206575254142421262,0,0.3,11,0,8733,108,0,0,0,0.058722022,43,72.49280215,18,35.79470571
1,2052976046033227463,5300514971238686288,0,0.3,11,0,266077,1158,0,0,0,0,43,72.49280215,4,11.62756238
1,2052976046033227463,-2597788066013667919,0,0.5,4,0,264567,1142,0,0,0,0,32,46.4982492,43,72.49280215
1,2052976046033227463,3297284522324361781,0,0.571428571,3,0,88778,336,0,0,0,0,26,46.71113405,43,72.49280215
1,2052976046033227463,5363982392188845561,0,0,11,0,265157,1149,0,0,0,0,43,72.49280215,5,12.9248125
1,2052976046033227463,-4891420161793619233,0,0,9,0,70,6,1,1,0.224859507,1,43,72.49280215,16,25.64964569
1,6635534698272940235,1597968520888737460,0,0.111111111,8,0,330551,966,0,0,0,0,4,15.62756238,3,9.965784285
1,-7113853526483214131,4744362323705565216,0,0.375,5,0,1969,14,0,3,0.577164779,0.699584764,15,56.09358393,727,978.5692739
3,-7113853526483214131,5138431004808637896,0,0.428571429,8,0,9,0,2,2,0.587415376,0.906776935,3,9.965784285,727,978.5692739
1,-7113853526483214131,956885300851516137,0,0.6,2,0,257033,342,0,0,0.587415376,0,727,978.5692739,3,9.965784285
1,-7113853526483214131,-8352618659418765552,0,0.375,9,0,130,1,1,3,0.35116045,0.420804081,162,149.9410627,727,978.5692739
2,-7113853526483214131,-3189853826465090799,0,0.428571429,8,0,2,0,53,56,0.465196153,0.906776935,283,336.9212156,727,978.5692739
1,-7113853526483214131,-3958911936814308203,0,0.6,2,0,16646,141,0,0,0.207323074,0.420804081,727,978.5692739,23,54.61965274
3,-7113853526483214131,8264539733107678940,0,0.5,7,0,9,0,2,2,0.587415376,0.906776935,10,23.06890596,727,978.5692739
1,1457162932404007281,5968461453245768512,0,0,9,0,89265,471,0,0,0,0,4,11.62756238,4,11.62756238
2,1457162932404007281,-7095255198135525120,0,0.230769231,11,0,145027,536,0,0,0,0,4,11.62756238,2,9.813781191
1,1457162932404007281,6070407807950848326,0,0.666666667,2,0,74838,304,0,0,0,0,4,11.62756238,2,7.813781191
3,1457162932404007281,3638897079246209025,0,0,10,0,20,1,1,2,0.747409319,0.747409319,4,11.62756238,17,53.41714013
1,1457162932404007281,-2722458442888940407,0,0.230769231,11,0,196125,524,0,0,0,0,4,11.62756238,8,22.89059679
3,1457162932404007281,3617441895246883249,0,0,9,0,100,4,2,2,0.444444444,0.52999894,4,11.62756238,13,35.78957774
2,1457162932404007281,6323773498126566969,0,0.230769231,11,0,9181,109,0,0,0,1,4,11.62756238,2,7.813781191
2,1457162932404007281,1341225826703000093,0.25,0,11,0,130,10,1,1,0.099503719,1,4,11.62756238,11,30.7565156
1,1457162932404007281,-2257372815870093441,0,0,10,0,181797,465,0,0,0,0,4,11.62756238,4,15.62756238
1,2466311761540752080,-5607628163866178988,0.178174161,0.363636364,7,1,20,1,1,1,0.014454852,0.94177771,2,7.813781191,110,178.423668
1,2466311761540752080,140433390261230966,0.288675135,0.363636364,7,1,40,2,1,1,7.22E-04,0.339379619,21,41.3293457,110,178.423668
3,-1173044318053703402,6065360996209869445,0,0.333333333,10,0,214021,454,0,0,0,0,30,32.23883096,18,38.32403072
1,-1173044318053703402,5329486684408663721,0,0,12,0,313587,813,0,0,0,0,30,32.23883096,3,9.965784285
2,-1173044318053703402,3192623184504047312,0,0,12,0,10,0,2,3,0.351123442,0.351123442,30,32.23883096,11,36.46602155
3,-1173044318053703402,2653538197268350962,0,0.4,8,0,91038,275,0,0,0,0,30,32.23883096,2,9.813781191
3,-1173044318053703402,-3283122981277119626,0,0.333333333,10,0,217403,462,0,0,0,0,30,32.23883096,4,14.87267488
2,-1173044318053703402,-321024213952487530,0,0,12,0,102220,300,0,0,0,0,30,32.23883096,7,14.69674971
2,-1173044318053703402,-7836561761644900407,0,0,12,0,9,2,2,3,0.390566733,0.351123442,30,32.23883096,11,32.3243121
2,-1173044318053703402,-7782388002827056198,0,0,17,0,130,4,1,2,0.707106781,1,30,32.23883096,2,9.813781191
1,-1173044318053703402,-5379952338544620069,0,0,19,0,315927,840,0,0,0,0,30,32.23883096,3,9.965784285
1,1901248147340020434,-4521321390272180364,0.40824829,0.555555556,4,1,420905,692,0,0,0,0.088621894,26,28.52050546,550,299.6416195
2,-328163596854318887,-321024213952487530,0.596284794,0.6,2,1,670,21,0,1,0,1,7,14.69674971,4,11.62756238
1,7090049637866608858,4543364346706035995,0.666666667,0.846153846,2,1,92437,148,0,0,0.829156198,0,22,64.69046817,3,9.965784285
1,8264539733107678940,7023374053668943240,0,0.333333333,10,0,69016,205,0,0,0.447213595,0,10,23.06890596,3,12.72067179
2,8264539733107678940,5138431004808637896,0.5,0.444444444,5,1,1073,45,0,1,1,1,3,9.965784285,10,23.06890596
1,8264539733107678940,-5490035709608912020,0,0.444444444,5,0,86341,668,0,0,1,0,10,23.06890596,94,48.69765414
3,8264539733107678940,-7113853526483214131,0,0.5,7,0,9,0,2,2,0.587415376,0.906776935,10,23.06890596,727,978.5692739
1,8264539733107678940,-8352618659418765552,0,0.4,6,0,87931,674,0,0,0.008373553,0,10,23.06890596,162,149.9410627
1,-4891420161793619233,2052976046033227463,0,0,9,0,70,6,1,1,0.224859507,1,43,72.49280215,16,25.64964569
3,-7341468365985086240,-6858962038995375755,0,0.230769231,10,0,117295,446,0,0,0,0,37,23.41013568,28,43.35383666
1,-7341468365985086240,140433390261230966,0.223606798,0.6,4,1,15958,198,0,0,0,0.998752339,21,41.3293457,28,43.35383666
2,3192623184504047312,-1173044318053703402,0,0,12,0,10,0,2,3,0.351123442,0.351123442,30,32.23883096,11,36.46602155
1,3371992236434454245,2052976046033227463,0,0.5,10,0,10,0,2,2,1,1,43,72.49280215,4,11.62756238
1,9016007751633280743,5440150862185195991,0.15,0.111111111,8,0,13706,53,0,0,0,1,3,9.965784285,24,13.72344931
1,956885300851516137,-5490035709608912020,0,0.333333333,10,0,259278,357,0,0,1,0,94,48.69765414,3,9.965784285
1,956885300851516137,-7113853526483214131,0,0.6,2,0,257033,342,0,0,0.587415376,0,727,978.5692739,3,9.965784285
2,3209127386563876098,-321024213952487530,0,0,9,0,150,5,1,1,1,1,7,14.69674971,2,7.813781191
1,-2779304244994613012,-7840233444170237497,0.176776695,0,14,0,64977,210,0,0,0,0,2,7.813781191,2,7.813781191
1,-2779304244994613012,-3742692168138092248,0,0.1875,14,0,327120,893,0,0,0,0,2,7.813781191,7,22.73859369
1,-2779304244994613012,-3247911509705317236,0.166666667,0,13,0,83768,257,0,0,1,0,2,7.813781191,3,9.965784285
1,-2779304244994613012,3501866434074802002,0,0.1875,14,0,14533,121,0,0,0,1,2,7.813781191,6,17.8317031
1,-2779304244994613012,-3056437600443260754,0.136082763,0,12,0,330721,969,0,0,0,0,2,7.813781191,6,17.8317031
3,-2779304244994613012,-4590540087961971857,0,0.7,3,1,1326,14,0,1,1,1,2,7.813781191,2,7.813781191
1,-2779304244994613012,1680454381265504850,0,0.1875,14,0,352471,1173,0,0,0,0,2,7.813781191,2,7.813781191
1,-2779304244994613012,-5659476482289371981,0,0,11,0,130,7,1,1,0.6401844,1,2,7.813781191,11,26.85638107
3,-2779304244994613012,-8699472935979503626,0,0,15,0,20,1,1,1,0.075592895,0.224230528,2,7.813781191,17,33.31142379
1,-2779304244994613012,2685354679022969178,0,0.1875,14,0,80200,347,0,0,0,0,2,7.813781191,2,7.813781191
1,-3869969215241703695,3297284522324361781,0.23570226,0,10,0,148898,630,0,0,0,0,26,46.71113405,32,44.83968959
3,-1664919431644979982,5536118737332388593,1,0.25,6,1,100,5,1,1,1,1,2,7.813781191,5,12.9248125
2,4999600318061446387,5536118737332388593,1,0.285714286,5,1,230,11,1,2,1,1,2,7.813781191,8,19.60364031
1,5616029483429422325,-2597788066013667919,0.40824829,0,11,0,22188,100,0,0,0,1,32,46.4982492,6,13.93156857
1,-293445945356472074,4125032770086418209,0,0.083333333,11,0,116047,333,0,0,0.016917172,0.010703699,5,12.9248125,1957,1067.998044
3,-293445945356472074,2620601785900193834,0,0.333333333,6,1,19,1,3,4,0.284608822,0.061411419,77,140.7974342,1957,1067.998044
1,2534638766913184503,5293356627096451890,0.40824829,0.428571429,4,1,1224831,1870,0,0,0,0.7159744,19,26.62756238,953,949.1562189
1,2534638766913184503,3747816782934157379,0.5,0.375,6,1,169154,298,0,0,0,0.409537078,19,26.62756238,532,722.5375469
1,8276504621475869432,3297284522324361781,0,0,8,0,30,2,1,1,0.312297607,0.57058975,26,46.71113405,189,511.5674576
1,1240393582086895060,-6485215480432404669,0.363636364,0,6,0,76766,99,0,0,0,0.960768923,9,32.55237489,2,7.813781191
2,-6228464360341549830,4434729294072384541,0.516397779,0.8,2,0,700,4,0,1,0.970494959,1,2,7.813781191,12,32.88268715
3,7618761216050037499,-5623076401969623754,0.605405515,0.5,2,1,10,0,1,1,1,1,6,13.93156857,4,11.62756238
2,-4245912805014885123,-9035305353978400682,0.426401433,0.5,2,1,12,0,3,4,0.474099823,1,11,20.7565156,20,37.27720807
1,-135864894786214955,4543364346706035995,0.471404521,0.285714286,10,1,1740,36,0,1,0.035054537,0.088396998,22,64.69046817,347,305.9394986
1,-135864894786214955,-4521321390272180364,0.5,0.625,3,1,527487,949,0,0,0,0,26,28.52050546,347,305.9394986
2,-7095255198135525120,1457162932404007281,0,0.230769231,11,0,145027,536,0,0,0,0,4,11.62756238,2,9.813781191
1,4729060206913757576,-8854358909645556187,0.577350269,0.6,2,1,281656,470,0,0,0,0,2,7.813781191,7,21.59334667
1,-7980071836115384573,2052976046033227463,0,0.3,7,0,77320,456,0,0,0,0,43,72.49280215,2,7.813781191
1,-9174713454385249663,1302521272076052251,0,0.363636364,7,0,11080,66,0,0,0,0.999297616,83,79.55511941,4,14.87267488
1,-9174713454385249663,140433390261230966,0.216295228,0.6,4,1,1714,37,0,1,0,0.998752339,21,41.3293457,4,14.87267488
1,-639413153677494005,-5607628163866178988,0.24743583,0.3,7,1,214761,463,0,0,0,0,2,7.813781191,10,15.84962501
1,206575254142421262,-1638766938720868208,0.288675135,0.4,6,1,10453,153,0,0,0,0.058722022,3,12.72067179,18,35.79470571
1,206575254142421262,8770345552076500992,0,0.333333333,10,0,3190,63,0,1,0.021808811,0.058722022,56,58.78587335,18,35.79470571
1,206575254142421262,9187414883802851166,0.288675135,0.444444444,5,1,160,86,1,1,0.026261287,0.058722022,3,12.72067179,18,35.79470571
1,206575254142421262,2052976046033227463,0,0.3,11,0,8733,108,0,0,0,0.058722022,43,72.49280215,18,35.79470571
1,-8352618659418765552,5138431004808637896,0,0.666666667,3,0,86831,635,0,0,0.008373553,0,3,9.965784285,162,149.9410627
2,-8352618659418765552,-5490035709608912020,0.2,0.666666667,3,1,360,1,0,1,0.008373553,1,94,48.69765414,162,149.9410627
1,-8352618659418765552,-7113853526483214131,0,0.375,9,0,130,1,1,3,0.35116045,0.420804081,162,149.9410627,727,978.5692739
1,-8352618659418765552,-3189853826465090799,0,0.5,5,0,74271,462,0,0,0.953988323,0,162,149.9410627,283,336.9212156
1,-8352618659418765552,8264539733107678940,0,0.4,6,0,87931,674,0,0,0.008373553,0,10,23.06890596,162,149.9410627
3,-3189853826465090799,-5360741178259474014,0.881917104,0.5,5,1,37,3,1,1,0.069521119,1,283,336.9212156,63,123.9869409
2,-3189853826465090799,5138431004808637896,0,0.555555556,4,0,3075,56,0,1,0,1,283,336.9212156,3,9.965784285
1,-3189853826465090799,-5490035709608912020,0,0.555555556,4,0,72680,456,0,0,0,0,94,48.69765414,283,336.9212156
2,-3189853826465090799,-7113853526483214131,0,0.428571429,8,0,2,0,53,56,0.465196153,0.906776935,283,336.9212156,727,978.5692739
1,-3189853826465090799,-8352618659418765552,0,0.5,5,0,74271,462,0,0,0.953988323,0,162,149.9410627,283,336.9212156
1,-3189853826465090799,7023374053668943240,0,0.444444444,11,0,73422,291,0,0,0,0,283,336.9212156,3,12.72067179
1,-3189853826465090799,3619678489579528187,0,0.5,5,0,80061,498,0,0,0.751396744,0,283,336.9212156,21,40.58458275
3,-9199842678845093102,9187414883802851166,0.188982237,0.714285714,2,1,10,0,3,3,0.948683298,1,3,12.72067179,8,23.74534976
3,6013405164209649607,-6852416571235670692,0.821583836,0.571428571,9,0,17,1,2,2,0.105350743,0.274721128,18,61.20461524,18,53.91765876
1,-8245551169919057128,5440150862185195991,0.2,0.142857143,6,0,526813,617,0,0,0,0,3,9.965784285,2,7.813781191
1,5180187467795544346,-6485215480432404669,0.272727273,0.25,6,1,18486,70,0,0,0,0.160128154,9,32.55237489,6,13.93156857
1,1302521272076052251,-9174713454385249663,0,0.363636364,7,0,11080,66,0,0,0,0.999297616,83,79.55511941,4,14.87267488
3,1302521272076052251,6065360996209869445,0,0.363636364,7,0,246086,537,0,0,0.002187524,0,83,79.55511941,18,38.32403072
1,1302521272076052251,7327148465482017222,0,0.25,9,0,140,9,1,2,0.038993035,0.486559336,83,79.55511941,1120,948.4640836
1,1302521272076052251,-7585068539896981049,0.316227766,0,11,0,260,14,1,1,0.052909148,0.037473661,83,79.55511941,2,7.813781191
1,1302521272076052251,-9141531074427336147,0,0.363636364,7,0,8590,36,0,0,0.0166793,0.94506822,83,79.55511941,17,43.36339232
1,1302521272076052251,-607745376426799615,0.267261242,0,11,0,130,6,1,1,0.052909148,0.037473661,83,79.55511941,4,11.62756238
2,1302521272076052251,-6071247603371992037,0.316227766,0,11,0,300,17,1,1,0.052909148,0.037473661,83,79.55511941,4,11.62756238
1,1302521272076052251,-3982936488820278148,0,0,12,0,110,5,1,1,0.052909148,0.037473661,83,79.55511941,2,7.813781191
1,8617430631151553311,-321024213952487530,0.730296743,0.6,2,1,333385,808,0,0,0,0,7,14.69674971,2,7.813781191
1,4125032770086418209,-2980936186803547550,0,0,10,0,348576,764,0,0,0,0,5,12.9248125,12,15.86313714
1,4125032770086418209,1553971342973603701,0,0.090909091,10,0,115406,330,0,0,0,0.143995392,5,12.9248125,176,162.2619921
1,4125032770086418209,-4485050626746808750,0,0,9,0,200243,433,0,0,0,0,5,12.9248125,7,18.83845916
1,4125032770086418209,-293445945356472074,0,0.083333333,11,0,116047,333,0,0,0.016917172,0.010703699,5,12.9248125,1957,1067.998044
1,4125032770086418209,-6763890634779467897,0,0,8,0,304445,708,0,0,0,0,5,12.9248125,7,14.69674971
2,-7002093306497512485,-321024213952487530,0.516397779,0.428571429,4,1,960,25,0,1,0,1,7,14.69674971,3,9.965784285
2,5029112685135322919,4434729294072384541,0.182574186,0.8,2,0,30,2,1,1,0.6,1,2,7.813781191,7,28.34823417
1,-3742692168138092248,-2779304244994613012,0,0.1875,14,0,327120,893,0,0,0,0,2,7.813781191,7,22.73859369
3,-4053118592545222350,-321024213952487530,0,0.142857143,6,0,116,3,1,1,1,1,7,14.69674971,2,7.813781191
1,-1466756233049451436,-1638766938720868208,0.288675135,0.625,3,1,401052,1675,0,0,0,0,3,12.72067179,2,9.813781191
1,5293356627096451890,2534638766913184503,0.40824829,0.428571429,4,1,1224831,1870,0,0,0,0.7159744,19,26.62756238,953,949.1562189
3,-5623076401969623754,-6451764440819174431,0.269069118,0.4,3,1,530,3,0,1,1,1,6,13.93156857,5,17.77956548
3,-5623076401969623754,1278046907421149038,0.509524665,0.5,2,1,50,1,1,1,1,1,6,13.93156857,8,19.60364031
3,-5623076401969623754,-5474207428842507600,0.554700196,0.142857143,6,0,170,5,1,1,1,1,6,13.93156857,19,12.52029856
3,-5623076401969623754,-3473704319121278607,0.226455407,0.166666667,5,0,360,6,0,1,1,1,6,13.93156857,2,7.813781191
1,-5623076401969623754,5408716525418860596,0,0.142857143,6,0,111395,576,0,0,0,0,6,13.93156857,3,9.965784285
3,-5623076401969623754,-4904030079657885255,0.452910814,0.166666667,5,0,400,8,0,1,1,1,6,13.93156857,23,8.81655871
1,-5623076401969623754,5363982392188845561,0,0.142857143,6,0,111275,574,0,0,0,0,6,13.93156857,5,12.9248125
3,-5623076401969623754,7618761216050037499,0.605405515,0.5,2,1,10,0,1,1,1,1,6,13.93156857,4,11.62756238
1,-5623076401969623754,-3153372273992743553,0,0.142857143,6,0,103595,508,0,0,0,0,6,13.93156857,2,7.813781191
1,-2722458442888940407,1457162932404007281,0,0.230769231,11,0,196125,524,0,0,0,0,4,11.62756238,8,22.89059679
1,-2722458442888940407,8302512822935844671,0.416666667,0.833333333,2,1,193346,481,0,0,0,0,6,21.44134357,8,22.89059679
1,-6222772451038581959,-1638766938720868208,0,0,12,0,69,3,1,1,0.042352355,0.141421356,3,12.72067179,24,38.27850599
1,-1811359465259642401,-321024213952487530,0.8,0.6,2,1,232652,612,0,0,0,0,7,14.69674971,30,51.4477378
2,-5370484018995047619,-6858962038995375755,0.516397779,0,12,0,133885,379,0,0,0,0,37,23.41013568,12,34.88268715
1,8302512822935844671,-2722458442888940407,0.416666667,0.833333333,2,1,193346,481,0,0,0,0,6,21.44134357,8,22.89059679
1,8302512822935844671,3501866434074802002,0.25,0.833333333,2,1,358063,1218,0,0,0,0,6,21.44134357,6,17.8317031
1,5968461453245768512,1457162932404007281,0,0,9,0,89265,471,0,0,0,0,4,11.62756238,4,11.62756238
1,4768882641063898947,-2597788066013667919,0.40824829,0,10,0,21762,97,0,0,0,1,32,46.4982492,7,18.83845916
1,-7288278799149942459,-7326991616393754068,0,0.5,7,0,4,0,3,4,0.175239973,0.288211974,12,27.86313714,3468,4791.942024
1,6070407807950848326,1457162932404007281,0,0.666666667,2,0,74838,304,0,0,0,0,4,11.62756238,2,7.813781191
1,7227317656880897863,-2882565092094982833,0.668153105,0.083333333,11,0,491202,101,0,0,0,0,2,7.813781191,12,15.86313714
2,-7577351013313645537,-8854358909645556187,0.471404521,0.6,2,1,4600,77,0,0,0,1,2,7.813781191,3,9.965784285
1,-3710091148985553588,5440150862185195991,0.173205081,0.125,7,0,526834,618,0,0,0,0,3,9.965784285,6,19.44134357
1,-2882565092094982833,-2361654192509816862,0.721687836,0.090909091,10,0,47323,75,0,0,0,0,2,7.813781191,3,12.72067179
1,-2882565092094982833,7227317656880897863,0.668153105,0.083333333,11,0,491202,101,0,0,0,0,2,7.813781191,12,15.86313714
1,-2882565092094982833,7373764221776039316,0.668153105,0.222222222,7,1,47333,76,0,0,0,0,2,7.813781191,5,16.53445298
1,-2882565092094982833,-5513959557854897131,0.668153105,0.222222222,7,1,47423,81,0,0,0,0,2,7.813781191,6,13.93156857
1,-2882565092094982833,1460013834290321247,0.668153105,0.222222222,7,1,46422,58,0,0,0,0,2,7.813781191,12,27.62156222
1,-2882565092094982833,8451636905067503965,0.721687836,0.090909091,10,0,46952,65,0,0,0,0,2,7.813781191,2,9.813781191
3,-2882565092094982833,5725271260245987358,0.56694671,0.230769231,10,1,90,5,1,1,1,1,2,7.813781191,5,12.9248125
1,-2882565092094982833,-5851236876295697921,0.668153105,0.222222222,7,1,46912,64,0,0,0,0,2,7.813781191,5,12.9248125
2,-8561362990847926447,2713423251510162675,0.23570226,0.428571429,4,1,7710,92,0,0,0,0,2,9.813781191,2,7.813781191
2,-8561362990847926447,-5259743562286187002,0.204124145,0.428571429,4,1,469,28,0,1,0,1,2,9.813781191,3,9.965784285
1,-8561362990847926447,-2297558805017164657,0.23570226,0.428571429,4,1,2440,58,0,1,0.632455532,0.894427191,2,9.813781191,3,14.72067179
1,3501866434074802002,-2779304244994613012,0,0.1875,14,0,14533,121,0,0,0,1,2,7.813781191,6,17.8317031
1,3501866434074802002,8302512822935844671,0.25,0.833333333,2,1,358063,1218,0,0,0,0,6,21.44134357,6,17.8317031
2,6323773498126566969,1457162932404007281,0,0.230769231,11,0,9181,109,0,0,0,1,4,11.62756238,2,7.813781191
1,4543364346706035995,7090049637866608858,0.666666667,0.846153846,2,1,92437,148,0,0,0.829156198,0,22,64.69046817,3,9.965784285
1,4543364346706035995,-135864894786214955,0.471404521,0.285714286,10,1,1740,36,0,1,0.035054537,0.088396998,22,64.69046817,347,305.9394986
1,4543364346706035995,7006897637858664358,0,0.846153846,2,0,91706,142,0,0,0.178153979,0,22,64.69046817,61,28.84269098
1,2685354679022969178,-2779304244994613012,0,0.1875,14,0,80200,347,0,0,0,0,2,7.813781191,2,7.813781191
1,-2297558805017164657,-8561362990847926447,0.23570226,0.428571429,4,1,2440,58,0,1,0.632455532,0.894427191,2,9.813781191,3,14.72067179
2,-2297558805017164657,-2129827510968431459,0.23570226,0.25,6,1,20,0,1,1,0.447213595,0.447213595,2,7.813781191,3,14.72067179
2,-6852416571235670692,3027744445848160097,0.158113883,0.5,4,1,292127,515,0,0,0,0.924528302,18,61.20461524,9,35.40712786
3,-6852416571235670692,-7326991616393754068,0.843274043,0.714285714,2,1,784,14,0,1,0.194257172,0.274721128,18,61.20461524,12,27.86313714
3,-6852416571235670692,6121711054857615077,0.667423812,0.571428571,9,0,1517,19,0,1,0,0.274721128,18,61.20461524,36,55.58458275
3,-6852416571235670692,2874258453984735390,0.63900965,0.571428571,9,0,39490,56,0,0,0,0.274721128,18,61.20461524,14,41.57705286
3,-6852416571235670692,6013405164209649607,0.821583836,0.571428571,9,0,17,1,2,2,0.105350743,0.274721128,18,61.20461524,18,53.91765876
1,8451636905067503965,-2882565092094982833,0.721687836,0.090909091,10,0,46952,65,0,0,0,0,2,7.813781191,2,9.813781191
1,9187414883802851166,5300514971238686288,0.25,0.444444444,5,1,268757,1227,0,0,0,0,3,12.72067179,4,11.62756238
1,9187414883802851166,-7036217590563522173,0.242535625,0,15,0,270527,1242,0,0,0,0,3,12.72067179,2,7.813781191
3,9187414883802851166,-432009442234113020,0.25,0.714285714,2,1,19,1,1,1,0.894427191,1,3,12.72067179,2,7.813781191
1,9187414883802851166,206575254142421262,0.288675135,0.444444444,5,1,160,86,1,1,0.026261287,0.058722022,3,12.72067179,18,35.79470571
1,9187414883802851166,-1638766938720868208,0.25,0.625,3,1,2340,76,0,1,0.8,1,3,12.72067179,3,12.72067179
3,9187414883802851166,-9199842678845093102,0.188982237,0.714285714,2,1,10,0,3,3,0.948683298,1,3,12.72067179,8,23.74534976
1,9187414883802851166,-1187245501245716453,0.353553391,0.714285714,2,1,103716,543,0,0,0,0,3,12.72067179,5,12.9248125
1,9187414883802851166,-1229918058285954180,0.176776695,0.714285714,2,1,4450,132,0,0,0,0.948683298,3,12.72067179,4,14.87267488
1,9187414883802851166,-6218235327774203298,0.25,0.4,6,1,106116,555,0,0,0,0,3,12.72067179,9,24.51053091
1,9187414883802851166,1314699096360236511,0.242535625,0,15,0,270407,1241,0,0,0,0,3,12.72067179,6,13.93156857
1,1460013834290321247,-2882565092094982833,0.668153105,0.222222222,7,1,46422,58,0,0,0,0,2,7.813781191,12,27.62156222
2,3027744445848160097,-6852416571235670692,0.158113883,0.5,4,1,292127,515,0,0,0,0.924528302,18,61.20461524,9,35.40712786
2,3027744445848160097,-7326991616393754068,0.166666667,0.5,4,1,290127,506,0,0,0,0,12,27.86313714,9,35.40712786
2,-4738973802741690526,-4417974180860388432,0.829156198,0.5,4,1,350,9,0,1,0.554700196,1,5,17.77956548,3,9.965784285
2,-3823043688863252637,-321024213952487530,0.676123404,0.6,2,1,770,22,0,1,0,1,7,14.69674971,2,7.813781191
3,5733891141980783164,-2029296135419313661,0,0.363636364,9,0,46,4,1,1,1,1,11,23.44647154,2,7.813781191
1,-5490035709608912020,5138431004808637896,0,0.75,2,0,85241,629,0,0,1,0,3,9.965784285,94,48.69765414
1,-5490035709608912020,7023374053668943240,0,0.625,11,0,155588,857,0,0,0.447213595,0,94,48.69765414,3,12.72067179
1,-5490035709608912020,956885300851516137,0,0.333333333,10,0,259278,357,0,0,1,0,94,48.69765414,3,9.965784285
2,-5490035709608912020,-8352618659418765552,0.2,0.666666667,3,1,360,1,0,1,0.008373553,1,94,48.69765414,162,149.9410627
1,-5490035709608912020,-3189853826465090799,0,0.555555556,4,0,72680,456,0,0,0,0,94,48.69765414,283,336.9212156
2,-5490035709608912020,3619678489579528187,0.2,0.666666667,3,1,6150,45,0,0,0,1,94,48.69765414,21,40.58458275
1,-5490035709608912020,8264539733107678940,0,0.444444444,5,0,86341,668,0,0,1,0,10,23.06890596,94,48.69765414
3,1278046907421149038,-5623076401969623754,0.509524665,0.5,2,1,50,1,1,1,1,1,6,13.93156857,8,19.60364031
3,-4590540087961971857,-2779304244994613012,0,0.7,3,1,1326,14,0,1,1,1,2,7.813781191,2,7.813781191
2,-3541953343857967247,-2129827510968431459,0.833333333,0.666666667,2,1,959,62,0,1,0.707106781,0.707106781,2,7.813781191,2,9.813781191
1,7490301164890742163,-6485215480432404669,0.404519917,0,6,0,87916,106,0,0,0.08304548,0,9,32.55237489,3,14.72067179
1,-4521321390272180364,-3724941101670793628,0.40824829,0.555555556,4,1,727357,1199,0,0,0.374860366,0,26,28.52050546,570,237.9612934
1,-4521321390272180364,1901248147340020434,0.40824829,0.555555556,4,1,420905,692,0,0,0,0.088621894,26,28.52050546,550,299.6416195
1,-4521321390272180364,-135864894786214955,0.5,0.625,3,1,527487,949,0,0,0,0,26,28.52050546,347,305.9394986
2,-4521321390272180364,5228550764074687167,0,0,12,0,10,0,3,3,0.613220803,1,26,28.52050546,135,83.92588398
3,-6858962038995375755,-7341468365985086240,0,0.230769231,10,0,117295,446,0,0,0,0,37,23.41013568,28,43.35383666
1,-6858962038995375755,-1123766764748021757,0.186500962,0,14,0,72839,217,0,0,0,0,37,23.41013568,9,15.63269035
2,-6858962038995375755,7327148465482017222,0,0.777777778,2,0,103,1,1,2,0.073944579,0.856701565,1120,948.4640836,37,23.41013568
3,-6858962038995375755,-7279093170167709267,0.182574186,0.777777778,2,0,219,4,1,2,0.167000684,0.285184419,1640,732.2523199,37,23.41013568
1,-6858962038995375755,751829264825288719,0.141421356,0.272727273,8,0,219036,453,0,0,0,0,37,23.41013568,6,13.93156857
2,-6858962038995375755,5720331029493206642,0,0.777777778,2,0,88539,259,0,0,0,0,37,23.41013568,16,35.78119358
1,-6858962038995375755,-656562948334881853,0,0.230769231,10,0,210230,422,0,0,0,0,37,23.41013568,3,14.72067179
1,-6858962038995375755,-4220875009965547113,0.230940108,0.230769231,10,0,213862,436,0,0,0,0,37,23.41013568,2,7.813781191
2,-6858962038995375755,-5370484018995047619,0.516397779,0,12,0,133885,379,0,0,0,0,37,23.41013568,12,34.88268715
1,-6858962038995375755,2936606937264306110,0.129099445,0,14,0,72940,218,0,0,0,0,37,23.41013568,3,9.965784285
1,140433390261230966,-7341468365985086240,0.223606798,0.6,4,1,15958,198,0,0,0,0.998752339,21,41.3293457,28,43.35383666
1,140433390261230966,-9174713454385249663,0.216295228,0.6,4,1,1714,37,0,1,0,0.998752339,21,41.3293457,4,14.87267488
1,140433390261230966,-656562948334881853,0.188982237,0.6,4,1,30,13,1,2,0.022332781,0.049937617,21,41.3293457,3,14.72067179
2,140433390261230966,-1077262369040901243,0.288675135,0.25,9,1,419,6,0,1,0.049937617,0.049937617,21,41.3293457,11,23.44647154
1,140433390261230966,-4353599034427757075,0.282842712,0,14,0,340,13,0,1,0.998752339,0.998752339,21,41.3293457,2,7.813781191
1,140433390261230966,2466311761540752080,0.288675135,0.363636364,7,1,40,2,1,1,7.22E-04,0.339379619,21,41.3293457,110,178.423668
1,140433390261230966,7826629371069573394,0.216295228,0.6,4,1,3721,17,0,0,0,0.049937617,21,41.3293457,6,13.93156857
1,140433390261230966,-5545441216556956714,0,0.3,7,0,14052,62,0,0,0,0.566134102,133,110.497136,21,41.3293457
1,140433390261230966,-4220875009965547113,0.182574186,0.6,4,1,3601,15,0,0,0,0.049937617,21,41.3293457,2,7.813781191
2,140433390261230966,-589520746785265570,0.213200716,0,13,0,24,1,2,3,0.998752339,0.998752339,21,41.3293457,3,12.72067179
1,9159539021071346551,-7279093170167709267,0.226455407,0,13,0,6790,43,0,0,0,0.696251024,1640,732.2523199,2,7.813781191
2,3893893341987574882,-8854358909645556187,0.577350269,0.6,2,1,100092,242,0,0,0,0,2,7.813781191,2,7.813781191
1,-1229918058285954180,-1638766938720868208,0.176776695,0.625,3,1,2090,57,0,1,0,0.948683298,3,12.72067179,4,14.87267488
1,-1229918058285954180,9187414883802851166,0.176776695,0.714285714,2,1,4450,132,0,0,0,0.948683298,3,12.72067179,4,14.87267488
1,-3153372273992743553,-5391077952867297859,0,0.142857143,6,0,175380,827,0,0,0.063717213,0,87,85.17166311,2,7.813781191
1,-3153372273992743553,-5623076401969623754,0,0.142857143,6,0,103595,508,0,0,0,0,6,13.93156857,2,7.813781191
1,-2984062214826119799,-5360741178259474014,0,0.083333333,11,0,54,1,1,2,0.845279701,1,63,123.9869409,3,9.965784285
1,4580445469139976768,-2597788066013667919,0,0,15,0,7,0,2,3,0.110240962,1,32,46.4982492,60,136.9134799
1,-7036217590563522173,9187414883802851166,0.242535625,0,15,0,270527,1242,0,0,0,0,3,12.72067179,2,7.813781191
2,-1077262369040901243,140433390261230966,0.288675135,0.25,9,1,419,6,0,1,0.049937617,0.049937617,21,41.3293457,11,23.44647154
1,-6763890634779467897,4125032770086418209,0,0,8,0,304445,708,0,0,0,0,5,12.9248125,7,14.69674971
1,7023374053668943240,4744362323705565216,0.288675135,0.272727273,8,1,8,0,2,2,0.277350098,0.658504608,15,56.09358393,3,12.72067179
1,7023374053668943240,8264539733107678940,0,0.333333333,10,0,69016,205,0,0,0.447213595,0,10,23.06890596,3,12.72067179
1,7023374053668943240,6475372823698580970,0,0.375,5,1,177888,1017,0,0,0,0,4,11.62756238,3,12.72067179
1,7023374053668943240,-5490035709608912020,0,0.625,11,0,155588,857,0,0,0.447213595,0,94,48.69765414,3,12.72067179
1,7023374053668943240,-3189853826465090799,0,0.444444444,11,0,73422,291,0,0,0,0,283,336.9212156,3,12.72067179
1,-4353599034427757075,140433390261230966,0.282842712,0,14,0,340,13,0,1,0.998752339,0.998752339,21,41.3293457,2,7.813781191
1,-4353599034427757075,-5545441216556956714,0.141421356,0,11,0,15442,78,0,0,0,0.566841328,133,110.497136,2,7.813781191
2,-1817489842411474029,-2129827510968431459,0.833333333,0.666666667,2,1,529,34,0,1,1,1,2,7.813781191,2,7.813781191
1,7373764221776039316,-2882565092094982833,0.668153105,0.222222222,7,1,47333,76,0,0,0,0,2,7.813781191,5,16.53445298
1,3653942134785376662,-5391077952867297859,0.175411604,0.2,4,0,240416,1089,0,0,0.245513782,0,87,85.17166311,9,32.55237489
1,-4220875009965547113,140433390261230966,0.182574186,0.6,4,1,3601,15,0,0,0,0.049937617,21,41.3293457,2,7.813781191
1,-4220875009965547113,-5607628163866178988,0.281718085,0.6,4,1,3611,16,0,0,0,1,2,7.813781191,2,7.813781191
1,-4220875009965547113,-6858962038995375755,0.230940108,0.230769231,10,0,213862,436,0,0,0,0,37,23.41013568,2,7.813781191
2,-4220875009965547113,7327148465482017222,0,0.230769231,10,0,120452,164,0,0,0.004929639,0,1120,948.4640836,2,7.813781191
2,-4220875009965547113,-7279093170167709267,0,0.230769231,10,0,170,5,2,2,0.124828794,0.618270909,1640,732.2523199,2,7.813781191
1,-9047841693599812625,-5391077952867297859,0,0.142857143,6,0,20,1,1,1,0.90797029,1,87,85.17166311,92,27.56238715
1,1639310294849648724,-2597788066013667919,0,0,12,0,20,1,1,1,0.310876656,0.988371698,32,46.4982492,15,43.95187448
1,1639310294849648724,-5391077952867297859,0,0.125,7,0,146888,691,0,0,0.892605894,0,87,85.17166311,15,43.95187448
2,-5360741178259474014,5138431004808637896,0,0.5,5,0,12597,187,0,0,0,1,63,123.9869409,3,9.965784285
3,-5360741178259474014,-3189853826465090799,0.881917104,0.5,5,1,37,3,1,1,0.069521119,1,283,336.9212156,63,123.9869409
1,-5360741178259474014,3619678489579528187,0,0.454545455,6,0,73157,325,0,0,0.238749836,0,63,123.9869409,21,40.58458275
1,-5360741178259474014,-2984062214826119799,0,0.083333333,11,0,54,1,1,2,0.845279701,1,63,123.9869409,3,9.965784285
1,-2257372815870093441,1457162932404007281,0,0,10,0,181797,465,0,0,0,0,4,11.62756238,4,15.62756238
3,-2257372815870093441,1597968520888737460,0,0.111111111,8,0,3869,38,0,0,0,1,4,15.62756238,4,15.62756238
1,1679786548568552357,-5422363852272691784,0,0.272727273,9,1,9,0,2,4,0.440436742,0.583538797,4,17.62756238,1074,1772.230769
1,1679786548568552357,9008372521817942209,0,0.5,4,0,1118670,1523,0,0,0,0.007949663,4,17.62756238,426,513.492012
1,1679786548568552357,5231502778579724227,0,0.5,4,0,1368626,1967,0,0,0,0,4,17.62756238,26,54.78516797
3,1679786548568552357,-3814957204205537599,0.75,0.75,2,1,679,8,0,1,0.707106781,1,4,17.62756238,25,31.96164213
1,5623843373344072614,-9035305353978400682,0,0.2,4,0,15539,57,0,0,0,1,11,20.7565156,2,7.813781191
1,4442790134490385831,-5422363852272691784,0.288675135,0.333333333,7,0,5183,33,0,0,0.110636527,0.503906197,1074,1772.230769,57,63.14724562
1,-944584831090228819,3297284522324361781,0,0.571428571,9,0,30,1,1,2,0.421926508,0.447213595,26,46.71113405,3,14.72067179
2,-4417974180860388432,-4738973802741690526,0.829156198,0.5,4,1,350,9,0,1,0.554700196,1,5,17.77956548,3,9.965784285
2,-4417974180860388432,-4595723532857664386,0.901387819,0.5,4,1,19,1,2,2,0.999927428,1,5,17.77956548,32,54.13372123
2,-4417974180860388432,-7885675672318432625,0.868599036,0.5,7,0,100,2,1,1,0.554700196,1,5,17.77956548,2,7.813781191
1,-2597788066013667919,8770345552076500992,0,0.571428571,3,0,278551,1325,0,0,0,0,56,58.78587335,32,46.4982492
1,-2597788066013667919,4580445469139976768,0,0,15,0,7,0,2,3,0.110240962,1,32,46.4982492,60,136.9134799
1,-2597788066013667919,4768882641063898947,0.40824829,0,10,0,21762,97,0,0,0,1,32,46.4982492,7,18.83845916
1,-2597788066013667919,3461472569338618852,0.40824829,0,12,0,12011,71,0,0,0,1,32,46.4982492,32,46.86103492
1,-2597788066013667919,2052976046033227463,0,0.5,4,0,264567,1142,0,0,0,0,32,46.4982492,43,72.49280215
3,-2597788066013667919,-6076396256602099573,0,0,10,0,38,3,1,2,0.948683298,1,32,46.4982492,52,39.77970511
1,-2597788066013667919,4714174693684836365,0.471404521,0.5,4,1,264657,1144,0,0,0,0,32,46.4982492,6,17.8317031
1,-2597788066013667919,1639310294849648724,0,0,12,0,20,1,1,1,0.310876656,0.988371698,32,46.4982492,15,43.95187448
1,-2597788066013667919,5616029483429422325,0.40824829,0,11,0,22188,100,0,0,0,1,32,46.4982492,6,13.93156857
1,-2597788066013667919,3297284522324361781,0.471404521,0.571428571,3,1,160870,686,0,0,0.895041285,0,26,46.71113405,32,46.4982492
2,2713423251510162675,-8561362990847926447,0.23570226,0.428571429,4,1,7710,92,0,0,0,0,2,9.813781191,2,7.813781191
1,-5422363852272691784,9008372521817942209,0,0.333333333,7,0,100,2,1,1,0.287533501,0.323782213,1074,1772.230769,426,513.492012
1,-5422363852272691784,-2755290905654740894,0.40824829,0.3,14,0,189,10,1,2,0.277487828,0.583538797,1074,1772.230769,6,13.93156857
1,-5422363852272691784,1679786548568552357,0,0.272727273,9,1,9,0,2,4,0.440436742,0.583538797,4,17.62756238,1074,1772.230769
1,-5422363852272691784,4442790134490385831,0.288675135,0.333333333,7,0,5183,33,0,0,0.110636527,0.503906197,1074,1772.230769,57,63.14724562
1,-5422363852272691784,-181606558121997638,0,0.375,6,0,9,0,8,15,0.433899746,0.689675481,1074,1772.230769,158,299.3514877
1,-5422363852272691784,-3235981463141389787,0,0,12,0,39,2,2,3,0.338193876,0.671298337,1074,1772.230769,7,27.59334667
1,-9154220757137219655,-7279093170167709267,0,0,14,0,10,0,3,3,0.583530652,0.684482115,1640,732.2523199,33,49.42406127
1,3088886295868524475,-1638766938720868208,0.377964473,0.625,3,1,62941,312,0,0,0,0,3,12.72067179,6,17.8317031
1,3088886295868524475,8770345552076500992,0.267261242,0.571428571,9,0,112560,620,0,0,0,0,56,58.78587335,6,17.8317031
2,-5391077952867297859,6403367341950542914,0,0.125,7,0,9,0,12,12,0.902399035,0.768442751,87,85.17166311,239,437.5934972
1,-5391077952867297859,-9047841693599812625,0,0.142857143,6,0,20,1,1,1,0.90797029,1,87,85.17166311,92,27.56238715
3,-5391077952867297859,9042295765396564241,0.175411604,0,9,0,19,4,2,2,0.292856679,1,87,85.17166311,2,9.813781191
1,-5391077952867297859,1639310294849648724,0,0.125,7,0,146888,691,0,0,0.892605894,0,87,85.17166311,15,43.95187448
1,-5391077952867297859,3653942134785376662,0.175411604,0.2,4,0,240416,1089,0,0,0.245513782,0,87,85.17166311,9,32.55237489
1,-5391077952867297859,5408716525418860596,0,0.142857143,6,0,167571,760,0,0,0.90797029,0,87,85.17166311,3,9.965784285
3,-5391077952867297859,6621686046384748634,0.861891607,0.333333333,4,1,19,1,2,2,0.90797029,1,87,85.17166311,2,7.813781191
3,-5391077952867297859,-3801596667665593324,0.837234458,0.333333333,4,1,26,1,2,2,0.90797029,1,87,85.17166311,4,11.62756238
1,-5391077952867297859,-3153372273992743553,0,0.142857143,6,0,175380,827,0,0,0.063717213,0,87,85.17166311,2,7.813781191
1,2936606937264306110,-6858962038995375755,0.129099445,0,14,0,72940,218,0,0,0,0,37,23.41013568,3,9.965784285
1,-1553097116011199038,-5545441216556956714,0.5,0.375,5,1,232076,723,0,0,0,0,133,110.497136,55,44.04307441
1,-1553097116011199038,7327148465482017222,0.5,0.272727273,8,1,232293,724,0,0,0.196452208,0,1120,948.4640836,55,44.04307441
1,-656562948334881853,-5607628163866178988,0.233284737,0.6,4,1,10,0,1,2,0.447213595,1,2,7.813781191,3,14.72067179
1,-656562948334881853,-6858962038995375755,0,0.230769231,10,0,210230,422,0,0,0,0,37,23.41013568,3,14.72067179
1,-656562948334881853,140433390261230966,0.188982237,0.6,4,1,30,13,1,2,0.022332781,0.049937617,21,41.3293457,3,14.72067179
1,-656562948334881853,-7279093170167709267,0,0.230769231,10,0,30,2,4,4,0.164457827,0.618270909,1640,732.2523199,3,14.72067179
1,7327148465482017222,-1553097116011199038,0.5,0.272727273,8,1,232293,724,0,0,0.196452208,0,1120,948.4640836,55,44.04307441
1,7327148465482017222,-8084945369898106808,0,0,12,0,10,0,6,7,0.633618948,0.523630785,1120,948.4640836,27,94.07967412
1,7327148465482017222,5329486684408663721,0,0,12,0,216447,532,0,0,0.492963858,0,1120,948.4640836,3,9.965784285
2,7327148465482017222,-9141531074427336147,0,0.230769231,10,0,14,0,3,4,0.352961287,0.43009551,1120,948.4640836,17,43.36339232
2,7327148465482017222,-6858962038995375755,0,0.777777778,2,0,103,1,1,2,0.073944579,0.856701565,1120,948.4640836,37,23.41013568
2,7327148465482017222,-4220875009965547113,0,0.230769231,10,0,120452,164,0,0,0.004929639,0,1120,948.4640836,2,7.813781191
1,7327148465482017222,1573911554624768505,0,0,15,0,4672,62,0,0,0.142959519,0.454775019,1120,948.4640836,2,7.813781191
1,7327148465482017222,1302521272076052251,0,0.25,9,0,140,9,1,2,0.038993035,0.486559336,83,79.55511941,1120,948.4640836
2,7327148465482017222,-944310248985486788,0,0,9,0,4,0,7,13,0.442516981,0.342034965,1120,948.4640836,54,212.2430362
1,-7840233444170237497,-2779304244994613012,0.176776695,0,14,0,64977,210,0,0,0,0,2,7.813781191,2,7.813781191
2,5138431004808637896,-5360741178259474014,0,0.5,5,0,12597,187,0,0,0,1,63,123.9869409,3,9.965784285
1,5138431004808637896,6475372823698580970,0,0.333333333,10,0,107542,791,0,0,0,0,4,11.62756238,3,9.965784285
1,5138431004808637896,-5490035709608912020,0,0.75,2,0,85241,629,0,0,1,0,3,9.965784285,94,48.69765414
3,5138431004808637896,-7113853526483214131,0,0.428571429,8,0,9,0,2,2,0.587415376,0.906776935,3,9.965784285,727,978.5692739
1,5138431004808637896,-8352618659418765552,0,0.666666667,3,0,86831,635,0,0,0.008373553,0,3,9.965784285,162,149.9410627
2,5138431004808637896,-3189853826465090799,0,0.555555556,4,0,3075,56,0,1,0,1,283,336.9212156,3,9.965784285
2,5138431004808637896,8264539733107678940,0.5,0.444444444,5,1,1073,45,0,1,1,1,3,9.965784285,10,23.06890596
2,-6456072330035341367,-9035305353978400682,0.87038828,0.5,2,1,252,2,1,1,1,1,11,20.7565156,4,11.62756238
3,-2567659814813296137,1597968520888737460,0.40824829,0.166666667,5,0,82739,341,0,0,0,0,4,15.62756238,5,16.53445298
3,-2813085773565960240,5536118737332388593,1,0.75,1,1,242655,494,0,0,0,0,2,7.813781191,3,14.72067179
1,8842081077701196753,2620601785900193834,0,0,10,0,130,2,1,2,0.183896099,0.059424148,77,140.7974342,4,15.62756238
1,6126509869916615636,-5607628163866178988,0.267261242,0.363636364,7,1,105586,476,0,0,0,0,2,7.813781191,24,67.79120584
2,-8345872306846158379,-2029296135419313661,0,0,14,0,126,8,2,2,0.393088928,0.10025129,11,23.44647154,759,1262.459861
1,-5545441216556956714,-1553097116011199038,0.5,0.375,5,1,232076,723,0,0,0,0,133,110.497136,55,44.04307441
1,-5545441216556956714,6065360996209869445,0,0.3,7,0,116664,153,0,0,0,0,133,110.497136,18,38.32403072
1,-5545441216556956714,-8084945369898106808,0,0,9,0,2025,11,0,2,0.147274708,0.623951602,133,110.497136,27,94.07967412
1,-5545441216556956714,5329486684408663721,0,0,9,0,216231,531,0,0,0,0,133,110.497136,3,9.965784285
1,-5545441216556956714,-9141531074427336147,0,0.3,7,0,14327,64,0,0,0,0.536080259,133,110.497136,17,43.36339232
1,-5545441216556956714,-4353599034427757075,0.141421356,0,11,0,15442,78,0,0,0,0.566841328,133,110.497136,2,7.813781191
1,-5545441216556956714,2653538197268350962,0,0.375,5,0,4910,51,0,0,0.400817347,0,133,110.497136,2,9.813781191
1,-5545441216556956714,140433390261230966,0,0.3,7,0,14052,62,0,0,0,0.566134102,133,110.497136,21,41.3293457
1,-5545441216556956714,-5379952338544620069,0,0,16,0,218571,558,0,0,0,0,133,110.497136,3,9.965784285
1,5363982392188845561,-5623076401969623754,0,0.142857143,6,0,111275,574,0,0,0,0,6,13.93156857,5,12.9248125
1,5363982392188845561,2052976046033227463,0,0,11,0,265157,1149,0,0,0,0,43,72.49280215,5,12.9248125
1,7370003225355793882,2851863230384119393,0,0,13,0,43,14,1,2,0.273025373,0.870470423,185,288.8559114,9,28.16201536
3,7370003225355793882,2620601785900193834,0.377964473,0.375,5,1,16051,63,0,0,0.168709017,0.662745594,77,140.7974342,185,288.8559114
2,7370003225355793882,1553971342973603701,0.428571429,0.777777778,2,1,10,0,3,6,0.886963148,0.345859183,185,288.8559114,176,162.2619921
2,7370003225355793882,-5848993385837690602,0.46291005,0.636363636,4,1,9,0,7,10,0.865306085,0.733832077,185,288.8559114,46,68.06540193
1,-5379952338544620069,-1173044318053703402,0,0,19,0,315927,840,0,0,0,0,30,32.23883096,3,9.965784285
1,-5379952338544620069,-5545441216556956714,0,0,16,0,218571,558,0,0,0,0,133,110.497136,3,9.965784285
1,1314699096360236511,9187414883802851166,0.242535625,0,15,0,270407,1241,0,0,0,0,3,12.72067179,6,13.93156857
3,-6451764440819174431,-5623076401969623754,0.269069118,0.4,3,1,530,3,0,1,1,1,6,13.93156857,5,17.77956548
1,-2361654192509816862,-2882565092094982833,0.721687836,0.090909091,10,0,47323,75,0,0,0,0,2,7.813781191,3,12.72067179
1,3461472569338618852,-2597788066013667919,0.40824829,0,12,0,12011,71,0,0,0,1,32,46.4982492,32,46.86103492
1,7006897637858664358,4543364346706035995,0,0.846153846,2,0,91706,142,0,0,0.178153979,0,22,64.69046817,61,28.84269098
1,-4555706720516726589,-5513959557854897131,0.857142857,0.6,2,1,12925,49,0,0,0,1,6,13.93156857,2,7.813781191
1,-8333048680538666007,-1638766938720868208,0,0,12,0,29,2,1,1,0.843274043,0.514495755,3,12.72067179,8,30.50023726
1,6475372823698580970,7023374053668943240,0,0.375,5,1,177888,1017,0,0,0,0,4,11.62756238,3,12.72067179
1,6475372823698580970,5138431004808637896,0,0.333333333,10,0,107542,791,0,0,0,0,4,11.62756238,3,9.965784285
3,6475372823698580970,-3958911936814308203,0,0.666666667,2,0,90,2,2,2,1,1,4,11.62756238,23,54.61965274
1,-4485050626746808750,4125032770086418209,0,0,9,0,200243,433,0,0,0,0,5,12.9248125,7,18.83845916
1,-4485050626746808750,-2029296135419313661,0,0,13,0,510,13,0,1,1,1,11,23.44647154,7,18.83845916
1,-1377889562200217105,3297284522324361781,0.40824829,0,9,0,148887,629,0,0,0,0,26,46.71113405,2,9.813781191
2,-6255591359542604303,4744362323705565216,0.40824829,0.333333333,10,0,5208,50,0,0,0.124034735,0.658504608,15,56.09358393,9,23.89735285
3,2653538197268350962,-1173044318053703402,0,0.4,8,0,91038,275,0,0,0,0,30,32.23883096,2,9.813781191
1,2653538197268350962,-5545441216556956714,0,0.375,5,0,4910,51,0,0,0.400817347,0,133,110.497136,2,9.813781191
3,-8699472935979503626,-2779304244994613012,0,0,15,0,20,1,1,1,0.075592895,0.224230528,2,7.813781191,17,33.31142379
1,6379012217905632937,-9035305353978400682,0,0.142857143,6,0,44491,125,0,0,0,0.196116135,11,20.7565156,18,27.72067179
1,6379012217905632937,5440150862185195991,0.158113883,0.1,9,0,461211,568,0,0,0,0,3,9.965784285,18,27.72067179
2,8270935812961107448,1597968520888737460,0.246182982,0.2,10,0,10,0,1,1,1,1,4,15.62756238,2,7.813781191
1,1573911554624768505,7327148465482017222,0,0,15,0,4672,62,0,0,0.142959519,0.454775019,1120,948.4640836,2,7.813781191
1,3619678489579528187,-3189853826465090799,0,0.5,5,0,80061,498,0,0,0.751396744,0,283,336.9212156,21,40.58458275
1,3619678489579528187,-5360741178259474014,0,0.454545455,6,0,73157,325,0,0,0.238749836,0,63,123.9869409,21,40.58458275
2,3619678489579528187,-5490035709608912020,0.2,0.666666667,3,1,6150,45,0,0,0,1,94,48.69765414,21,40.58458275
1,-2745697195167835139,-7279093170167709267,0.288675135,0.25,9,0,94189,431,0,0,0.212613845,0,1640,732.2523199,144,145.4370407
1,-5851236876295697921,-2882565092094982833,0.668153105,0.222222222,7,1,46912,64,0,0,0,0,2,7.813781191,5,12.9248125
