1,882B307C-CC6D-45DB-957A-19CBB0A8F90A,AB78AFE2-A280-458F-B459-46941C1FEEC8,0.40824829,0.571428571,3,1,11923,162,0,0,0,1,43,72.49280215,56,58.78587335
1,882B307C-CC6D-45DB-957A-19CBB0A8F90A,08B01F11-64BA-4C3E-8174-0403E021402F,0,0.333333333,10,0,3190,63,0,1,0.021808811,0.058722022,56,58.78587335,18,35.79470571
1,882B307C-CC6D-45DB-957A-19CBB0A8F90A,A97CEF09-4465-4F7C-A14F-2545ADFD5089,0,0.333333333,10,0,280061,1340,0,0,0,0,56,58.78587335,4,11.62756238
1,882B307C-CC6D-45DB-957A-19CBB0A8F90A,530D39A9-D708-4340-B527-80A7AE56B93F,0,0.571428571,3,0,278551,1325,0,0,0,0,56,58.78587335,32,46.4982492
1,882B307C-CC6D-45DB-957A-19CBB0A8F90A,00D8883C-BE38-4B7E-938C-84CDF42F3584,0,0,9,0,1950,28,0,1,0.371390676,1,56,58.78587335,17,30.88781511
1,882B307C-CC6D-45DB-957A-19CBB0A8F90A,EAC8E36F-FBBC-49B2-A170-42D83F8887C6,0,0.666666667,2,0,102762,527,0,0,0,0,56,58.78587335,26,46.71113405
1,882B307C-CC6D-45DB-957A-19CBB0A8F90A,029AB283-FBF0-4FC1-BF76-E6FB045B212A,0,0,10,0,107532,589,0,0,0,0,56,58.78587335,2,7.813781191
1,882B307C-CC6D-45DB-957A-19CBB0A8F90A,BE233947-CC21-4745-AF6C-B359C1A25DC7,0.267261242,0.571428571,9,0,112560,620,0,0,0,0,56,58.78587335,6,17.8317031
1,882B307C-CC6D-45DB-957A-19CBB0A8F90A,44FD57FF-8ABF-4349-8A39-9727A4D7E578,0,0.3,11,0,117419,670,0,0,0,0,56,58.78587335,9,24.51053091
1,6BD2799C-B533-4FFD-BABC-7CE2EC0B3ACC,93B845F5-7C4A-4CBD-BB06-C4AB7A2A97EF,0.25,0.625,3,1,2310,74,0,1,0.894427191,1,3,12.72067179,2,7.813781191
3,6BD2799C-B533-4FFD-BABC-7CE2EC0B3ACC,A23AE4A1-1219-4FAA-9C15-06383EF2452E,0.25,0.714285714,2,1,19,1,1,1,0.894427191,1,3,12.72067179,2,7.813781191
1,FFCFF293-16CC-4FFA-863F-E7F2AF7F6799,530D39A9-D708-4340-B527-80A7AE56B93F,0.471404521,0.5,4,1,264657,1144,0,0,0,0,32,46.4982492,6,17.8317031
3,FFCFF293-16CC-4FFA-863F-E7F2AF7F6799,AB78AFE2-A280-458F-B459-46941C1FEEC8,0.471404521,0.714285714,2,0,30,1,1,2,1,1,43,72.49280215,6,17.8317031
1,B23E0203-1783-4DF3-8F1F-5D66C4A712C1,8945D8CE-024F-4948-9665-A7D9AFACF9D4,NaN,0,15,0,99,8,1,1,1,1,11,23.44647154,2,7.813781191
1,B23E0203-1783-4DF3-8F1F-5D66C4A712C1,010DF268-2657-4836-BC82-E9175F2B2A50,NaN,0,14,0,147610,365,0,0,0,0,11,23.44647154,12,15.86313714
3,B23E0203-1783-4DF3-8F1F-5D66C4A712C1,EAA5A18B-9572-42B4-BF90-5FA654AA549C,NaN,0.363636364,9,0,46,4,1,1,1,1,11,23.44647154,2,7.813781191
1,B23E0203-1783-4DF3-8F1F-5D66C4A712C1,0189C6C6-C0E6-48B1-AF89-75B06408DE53,NaN,0,13,0,510,13,0,1,1,1,11,23.44647154,7,18.83845916
2,B23E0203-1783-4DF3-8F1F-5D66C4A712C1,7836B699-4861-4891-B8A8-85F49C6322ED,NaN,0,14,0,126,8,2,2,0.393088928,0.10025129,11,23.44647154,759,1262.459861
1,4418E75A-F817-4C55-8E79-3074D4104ECE,93B845F5-7C4A-4CBD-BB06-C4AB7A2A97EF,0.353553391,0.625,3,1,65401,355,0,0,0,0,3,12.72067179,5,12.9248125
1,4418E75A-F817-4C55-8E79-3074D4104ECE,A23AE4A1-1219-4FAA-9C15-06383EF2452E,0.353553391,0.714285714,2,1,103716,543,0,0,0,0,3,12.72067179,5,12.9248125
2,A85EE4C3-33E2-4C28-B7CC-001EB6CD0BDE,CCC46C0C-538C-4E1B-A8FA-A41A7C0360A9,0.23570226,0,13,0,7227,33,0,0,0,1,2,7.813781191,3,9.965784285
2,A85EE4C3-33E2-4C28-B7CC-001EB6CD0BDE,4B081BAE-06E1-4A7C-84F7-7B4457B55EAB,0.516397779,0.8,2,0,700,4,0,1,0.970494959,1,2,7.813781191,12,32.88268715
1,A85EE4C3-33E2-4C28-B7CC-001EB6CD0BDE,4246A0F0-8E44-4C5D-BEB0-96D539AB870B,0,0.7,3,0,109306,183,0,0,0,0.143995392,2,7.813781191,176,162.2619921
2,A85EE4C3-33E2-4C28-B7CC-001EB6CD0BDE,32498C44-BC23-4D08-94F4-8B32C3849126,0.182574186,0.8,2,0,30,2,1,1,0.6,1,2,7.813781191,7,28.34823417
1,B9A4FB0C-EBA6-47DA-8D03-734D9BD79252,161450E7-33C3-49A6-8B98-CFCC5EBDECE8,0.288675135,0.272727273,8,1,8,0,2,2,0.277350098,0.658504608,15,56.09358393,3,12.72067179
2,B9A4FB0C-EBA6-47DA-8D03-734D9BD79252,F6012093-FE82-4A6A-AD61-51A9AE59BE5C,0.40824829,0.333333333,10,0,5208,50,0,0,0.124034735,0.658504608,15,56.09358393,9,23.89735285
1,B9A4FB0C-EBA6-47DA-8D03-734D9BD79252,FEAAA6C8-6100-4C08-AAF5-B9296006C282,0,0.375,5,0,1969,14,0,3,0.577164779,0.699584764,15,56.09358393,727,978.5692739
3,307341E4-AE4A-4DC1-B177-CB9316EA051D,358E1DFF-562E-4FFB-9FAD-FD89DA70068A,0.667423812,0.571428571,9,0,1517,19,0,1,0,0.274721128,18,61.20461524,36,55.58458275
3,307341E4-AE4A-4DC1-B177-CB9316EA051D,50A30540-12DE-4A3C-9558-822F77DF8DE3,0.804030252,0.571428571,9,0,49,1,2,3,0.707106781,1,12,27.86313714,36,55.58458275
3,3B027EB5-366F-45E8-9CD4-92A81716C562,BDFEAE4E-B8B4-406E-84D9-3F393D393751,0.223606798,0.428571429,4,1,10,0,1,1,0.186161845,0.083913681,77,140.7974342,24,75.01048679
3,3B027EB5-366F-45E8-9CD4-92A81716C562,0D1EFE9F-DE90-4FFA-BD62-BBD1EB6A554F,0.377964473,0.375,5,1,16051,63,0,0,0.168709017,0.662745594,77,140.7974342,185,288.8559114
3,3B027EB5-366F-45E8-9CD4-92A81716C562,04EBE247-8EE6-4E08-B78B-2E2CD67BD1D3,0,0.333333333,6,1,19,1,3,4,0.284608822,0.061411419,77,140.7974342,1957,1067.998044
1,3B027EB5-366F-45E8-9CD4-92A81716C562,D0B27535-4DB7-4A6C-87DD-0F53C7D940C7,0,0,10,0,130,2,1,2,0.183896099,0.059424148,77,140.7974342,4,15.62756238
2,50A30540-12DE-4A3C-9558-822F77DF8DE3,37FEBEFB-449E-439D-A859-BE75C9009727,0.166666667,0.5,4,1,290127,506,0,0,0,0,12,27.86313714,9,35.40712786
3,50A30540-12DE-4A3C-9558-822F77DF8DE3,358E1DFF-562E-4FFB-9FAD-FD89DA70068A,0.843274043,0.714285714,2,1,784,14,0,1,0.194257172,0.274721128,18,61.20461524,12,27.86313714
3,50A30540-12DE-4A3C-9558-822F77DF8DE3,307341E4-AE4A-4DC1-B177-CB9316EA051D,0.804030252,0.571428571,9,0,49,1,2,3,0.707106781,1,12,27.86313714,36,55.58458275
3,50A30540-12DE-4A3C-9558-822F77DF8DE3,BF96A8B1-2EBC-4E50-89DC-A01C020379BE,0.769800359,0.571428571,9,0,40337,65,0,0,0,1,12,27.86313714,14,41.57705286
1,50A30540-12DE-4A3C-9558-822F77DF8DE3,F907511E-2B25-473D-8A59-863F6D287FB3,0,0.5,7,0,4,0,3,4,0.175239973,0.288211974,12,27.86313714,3468,4791.942024
1,84EDB627-146B-42F4-B5A5-73B277D25FDB,7DF568D5-B2C5-4F2A-A0C3-5AFD5C65FF3B,0,0.363636364,7,0,8590,36,0,0,0.0166793,0.94506822,83,79.55511941,17,43.36339232
1,84EDB627-146B-42F4-B5A5-73B277D25FDB,B19A658E-D1CB-4735-B6EC-3E734F47812D,0,0.3,7,0,14327,64,0,0,0,0.536080259,133,110.497136,17,43.36339232
2,84EDB627-146B-42F4-B5A5-73B277D25FDB,F2DABF6B-C63B-428B-A9F5-994387EDDD41,0,0.230769231,10,0,14,0,3,4,0.352961287,0.43009551,1120,948.4640836,17,43.36339232
2,afa009f7-148b-456b-87fb-12315ea4bad9,a2c1a7b8-fb0c-41a2-a84c-e19b4b24b4f4,0.623609564,0.714285714,2,1,140,2,1,1,1,1,2,7.813781191,3,12.72067179
2,afa009f7-148b-456b-87fb-12315ea4bad9,94ddad8d-bca7-4fe2-988a-40b0a1e660e8,0.88640526,0.625,5,1,170,3,1,1,1,1,2,7.813781191,3,9.965784285
1,B4163B28-A491-45D6-8307-C5E4D2B73407,4118E940-DEB3-4940-B255-CA8190592B73,0,0.142857143,6,0,167571,760,0,0,0.90797029,0,87,85.17166311,3,9.965784285
1,B4163B28-A491-45D6-8307-C5E4D2B73407,C223A27F-8AD3-47B3-B870-D825D9C67476,0,0.142857143,6,0,111395,576,0,0,0,0,6,13.93156857,3,9.965784285
1,EAC8E36F-FBBC-49B2-A170-42D83F8887C6,882B307C-CC6D-45DB-957A-19CBB0A8F90A,0,0.666666667,2,0,102762,527,0,0,0,0,56,58.78587335,26,46.71113405
1,EAC8E36F-FBBC-49B2-A170-42D83F8887C6,52BD980A-6F8D-4BB9-9ED0-4351085B5D90,0,0,11,0,10,0,5,7,0.133159861,0.768442751,26,46.71113405,239,437.5934972
1,EAC8E36F-FBBC-49B2-A170-42D83F8887C6,7A2ADB69-0F23-45B4-8300-50EF051A2A91,0.23570226,0,10,0,148898,630,0,0,0,0,26,46.71113405,32,44.83968959
1,EAC8E36F-FBBC-49B2-A170-42D83F8887C6,DE5D410B-6ED2-4BCD-9002-DFAFD8EC126F,0,0,8,0,70,3,1,1,0.070764755,0.080321933,26,46.71113405,17,52.39759012
1,EAC8E36F-FBBC-49B2-A170-42D83F8887C6,AB78AFE2-A280-458F-B459-46941C1FEEC8,0,0.571428571,3,0,88778,336,0,0,0,0,26,46.71113405,43,72.49280215
1,EAC8E36F-FBBC-49B2-A170-42D83F8887C6,B7A7C950-24F6-4611-B254-B7AAAA5EBCB8,0,0.571428571,9,0,30,1,1,2,0.421926508,0.447213595,26,46.71113405,3,14.72067179
1,EAC8E36F-FBBC-49B2-A170-42D83F8887C6,074A9E75-89E6-47A9-934D-DDA083EE0DCE,0.40824829,0,9,0,148887,629,0,0,0,0,26,46.71113405,2,9.813781191
1,EAC8E36F-FBBC-49B2-A170-42D83F8887C6,530D39A9-D708-4340-B527-80A7AE56B93F,0.471404521,0.571428571,3,1,160870,686,0,0,0.895041285,0,26,46.71113405,32,46.4982492
1,EAC8E36F-FBBC-49B2-A170-42D83F8887C6,B14BB5D4-5975-4E3C-BE92-A88071CA8860,0,0,8,0,30,2,1,1,0.312297607,0.57058975,26,46.71113405,189,511.5674576
1,52BD980A-6F8D-4BB9-9ED0-4351085B5D90,EAC8E36F-FBBC-49B2-A170-42D83F8887C6,0,0,11,0,10,0,5,7,0.133159861,0.768442751,26,46.71113405,239,437.5934972
2,52BD980A-6F8D-4BB9-9ED0-4351085B5D90,4118E940-DEB3-4940-B255-CA8190592B73,0,0.125,7,0,9,0,12,12,0.902399035,0.768442751,87,85.17166311,239,437.5934972
1,010DF268-2657-4836-BC82-E9175F2B2A50,7F16357F-C42F-4429-AA35-758AD677C8B8,0,0,10,0,348576,764,0,0,0,0,5,12.9248125,12,15.86313714
1,010DF268-2657-4836-BC82-E9175F2B2A50,B23E0203-1783-4DF3-8F1F-5D66C4A712C1,NaN,0,14,0,147610,365,0,0,0,0,11,23.44647154,12,15.86313714
1,A97CEF09-4465-4F7C-A14F-2545ADFD5089,882B307C-CC6D-45DB-957A-19CBB0A8F90A,0,0.333333333,10,0,280061,1340,0,0,0,0,56,58.78587335,4,11.62756238
1,A97CEF09-4465-4F7C-A14F-2545ADFD5089,A23AE4A1-1219-4FAA-9C15-06383EF2452E,0.25,0.444444444,5,1,268757,1227,0,0,0,0,3,12.72067179,4,11.62756238
1,A97CEF09-4465-4F7C-A14F-2545ADFD5089,AB78AFE2-A280-458F-B459-46941C1FEEC8,0,0.3,11,0,266077,1158,0,0,0,0,43,72.49280215,4,11.62756238
1,F6EED236-27A4-4AD4-A78B-E4896B32D3CE,3A5DF3AD-8780-45F7-A23A-56BC92177365,0.233284737,0.6,4,1,10,0,1,2,0.447213595,1,2,7.813781191,3,14.72067179
1,F6EED236-27A4-4AD4-A78B-E4896B32D3CE,3D7F9DB9-BD92-4E63-8EB2-E5BFB93C6D52,0.267261242,0.363636364,7,1,67301,42,0,0,0,0,2,7.813781191,29,78.06099632
1,F6EED236-27A4-4AD4-A78B-E4896B32D3CE,1114852C-1B29-4969-91B7-C007913DE50B,0.291605922,0.6,4,1,40,3,1,1,0.124034735,1,2,7.813781191,18,38.32403072
1,F6EED236-27A4-4AD4-A78B-E4896B32D3CE,496CF556-B854-41C4-A3F0-578591A2D8B8,0.24743583,0.3,7,1,214761,463,0,0,0,0,2,7.813781191,10,15.84962501
1,F6EED236-27A4-4AD4-A78B-E4896B32D3CE,AE9C3AFA-2ADA-43CC-95F0-B2BD2908520B,0.178174161,0.363636364,7,1,20,1,1,1,0.014454852,0.94177771,2,7.813781191,110,178.423668
1,F6EED236-27A4-4AD4-A78B-E4896B32D3CE,94E4423B-3913-494A-95A6-1CD85AF8E1C8,0.197385508,0.6,4,1,313661,691,0,0,0,0,2,7.813781191,8,23.74534976
1,F6EED236-27A4-4AD4-A78B-E4896B32D3CE,93A23DAB-3F57-4ED2-86B8-406FE8FF0BA9,0.267261242,0.363636364,7,1,105586,476,0,0,0,0,2,7.813781191,24,67.79120584
1,F6EED236-27A4-4AD4-A78B-E4896B32D3CE,320392F6-42D2-4D82-80A3-3F56BF402F51,0.281718085,0.6,4,1,3611,16,0,0,0,1,2,7.813781191,2,7.813781191
2,bc335da0-4e19-4a5c-8b5f-9149587c616c,8e23fd78-2187-4013-a9a0-2bf99f41c97b,1,0.5,2,1,33,1,1,1,1,1,11,20.7565156,19,30.55988685
2,bc335da0-4e19-4a5c-8b5f-9149587c616c,8cb90d3b-5c81-48d5-968c-0e8a3d520192,1,0.5,2,1,11,0,1,1,1,1,11,20.7565156,5,17.77956548
2,bc335da0-4e19-4a5c-8b5f-9149587c616c,d70fecba-fd3e-4120-b749-115a11a6a3c0,0.87038828,0.5,2,1,291,3,1,1,0.98386991,1,11,20.7565156,13,23.73582994
1,bc335da0-4e19-4a5c-8b5f-9149587c616c,a983ccc4-b27f-46b4-b1b8-e61b67c287fa,0,0.2,4,0,15539,57,0,0,0,1,11,20.7565156,2,7.813781191
1,bc335da0-4e19-4a5c-8b5f-9149587c616c,01536f96-ad43-45c9-8bf8-35a92b9b36f2,0,0.142857143,6,0,44491,125,0,0,0,0.196116135,11,20.7565156,18,27.72067179
2,bc335da0-4e19-4a5c-8b5f-9149587c616c,6f47da9b-f7c5-4f6e-b1a9-a7aa6c23ba8f,0.674199862,0.166666667,7,1,10,0,2,2,1,1,11,20.7565156,4,11.62756238
2,bc335da0-4e19-4a5c-8b5f-9149587c616c,f4a586df-8726-476b-a49e-7429442b83fa,0.603022689,0.125,7,0,659,10,0,1,0,1,11,20.7565156,9,28.55237489
2,bc335da0-4e19-4a5c-8b5f-9149587c616c,b13249a5-a0a5-4f56-b583-31d5a94cfa1b,0.87038828,0.5,2,1,252,2,1,1,1,1,11,20.7565156,4,11.62756238
2,bc335da0-4e19-4a5c-8b5f-9149587c616c,3733f5b3-b660-4bda-892d-7f84b5c629f0,0.603022689,0.166666667,5,0,611,9,0,1,0,1,11,20.7565156,5,16.53445298
2,bc335da0-4e19-4a5c-8b5f-9149587c616c,76e8ec12-0927-4bd3-870f-78f7b7b7c55e,0.426401433,0.5,2,1,12,0,3,4,0.474099823,1,11,20.7565156,20,37.27720807
2,CB358C6F-3670-4490-B947-F44553EAF0C2,964B3A51-BCC3-4024-9D5E-E20913257CD1,0,0,13,0,25,1,2,2,0.091091282,0.227256334,1640,732.2523199,5,12.9248125
1,CB358C6F-3670-4490-B947-F44553EAF0C2,3A5DF3AD-8780-45F7-A23A-56BC92177365,0,0.230769231,10,0,30,2,4,4,0.164457827,0.618270909,1640,732.2523199,3,14.72067179
2,CB358C6F-3670-4490-B947-F44553EAF0C2,320392F6-42D2-4D82-80A3-3F56BF402F51,0,0.230769231,10,0,170,5,2,2,0.124828794,0.618270909,1640,732.2523199,2,7.813781191
2,CB358C6F-3670-4490-B947-F44553EAF0C2,B384244C-94FE-4C3E-ADC4-AA9793E56976,0.23570226,0,13,0,90489,354,0,0,0,0,1640,732.2523199,2,9.813781191
1,CB358C6F-3670-4490-B947-F44553EAF0C2,9964DCF2-2A05-4F1A-A115-B5668352E1DE,0.226455407,0,13,0,6790,43,0,0,0,0.696251024,1640,732.2523199,2,7.813781191
1,CB358C6F-3670-4490-B947-F44553EAF0C2,BB016413-966B-4838-B2EC-C1F248B7E2D4,0,0,14,0,10,0,3,3,0.583530652,0.684482115,1640,732.2523199,33,49.42406127
3,CB358C6F-3670-4490-B947-F44553EAF0C2,B77E014F-7218-4353-B035-6120D77014BB,0.144337567,0.777777778,2,0,9,0,26,30,0.29222899,0.780656674,1640,732.2523199,762,321.4390785
1,CB358C6F-3670-4490-B947-F44553EAF0C2,DA2588AE-EA32-42F0-A947-BAAC86B5B607,0.288675135,0.25,9,0,94189,431,0,0,0.212613845,0,1640,732.2523199,144,145.4370407
3,CB358C6F-3670-4490-B947-F44553EAF0C2,F7010068-04D6-45E4-9A03-47C2FCC2BE4A,0.182574186,0.777777778,2,0,219,4,1,2,0.167000684,0.285184419,1640,732.2523199,37,23.41013568
1,029AB283-FBF0-4FC1-BF76-E6FB045B212A,882B307C-CC6D-45DB-957A-19CBB0A8F90A,0,0,10,0,107532,589,0,0,0,0,56,58.78587335,2,7.813781191
3,029AB283-FBF0-4FC1-BF76-E6FB045B212A,4118E940-DEB3-4940-B255-CA8190592B73,0.861891607,0.333333333,4,1,19,1,2,2,0.90797029,1,87,85.17166311,2,7.813781191
2,FE524AA5-FB46-4EEA-A6F5-6A17A77591DF,3DBA9DE4-9427-44DA-9810-EC9E94C274B7,1,0.166666667,7,0,13165,178,0,0,0,0.10976426,2,7.813781191,11,38.46602155
3,FE524AA5-FB46-4EEA-A6F5-6A17A77591DF,8CD0AD88-EB62-475A-BA2E-E1F7284B2EF9,1,0.2,8,1,10,0,1,1,1,1,2,7.813781191,2,7.813781191
3,FE524AA5-FB46-4EEA-A6F5-6A17A77591DF,AAB1DA3A-35F0-431D-9649-F62AD0CC159F,1,0.75,1,1,242655,494,0,0,0,0,2,7.813781191,3,14.72067179
3,FE524AA5-FB46-4EEA-A6F5-6A17A77591DF,7FC123A7-FFFB-421D-8DEF-4F0A89F76AC7,1,0.25,6,1,100,5,1,1,1,1,2,7.813781191,5,12.9248125
2,FE524AA5-FB46-4EEA-A6F5-6A17A77591DF,5648E72F-A4D0-4162-B3E8-9E11D8FF8259,1,0.285714286,5,1,230,11,1,2,1,1,2,7.813781191,8,19.60364031
3,FE524AA5-FB46-4EEA-A6F5-6A17A77591DF,CD8AF8E6-B566-4EC6-8AA1-89602B2D1B01,1,0.5,2,1,220,10,1,2,0.8,0.742781353,2,7.813781191,9,38.16201536
2,FE524AA5-FB46-4EEA-A6F5-6A17A77591DF,DBFD4B12-C894-40EA-B472-711AD5D96B33,0,0.4,3,1,133,7,2,2,1,1,2,7.813781191,3,12.72067179
2,FE524AA5-FB46-4EEA-A6F5-6A17A77591DF,1F5F72D5-32EB-49C3-871E-A45BB39ADEC7,1,0.142857143,8,0,13175,179,0,0,0,0.948683298,2,7.813781191,8,23.74534976
3,FE524AA5-FB46-4EEA-A6F5-6A17A77591DF,98311009-8CF9-4298-9A35-332A9F110186,1,0.2,8,1,80,4,1,1,1,1,2,7.813781191,2,7.813781191
1,44FD57FF-8ABF-4349-8A39-9727A4D7E578,882B307C-CC6D-45DB-957A-19CBB0A8F90A,0,0.3,11,0,117419,670,0,0,0,0,56,58.78587335,9,24.51053091
1,44FD57FF-8ABF-4349-8A39-9727A4D7E578,A23AE4A1-1219-4FAA-9C15-06383EF2452E,0.25,0.4,6,1,106116,555,0,0,0,0,3,12.72067179,9,24.51053091
1,00C791A1-205E-4CE3-A5B2-A543E4B88A33,B19A658E-D1CB-4735-B6EC-3E734F47812D,0,0,9,0,2025,11,0,2,0.147274708,0.623951602,133,110.497136,27,94.07967412
1,00C791A1-205E-4CE3-A5B2-A543E4B88A33,F2DABF6B-C63B-428B-A9F5-994387EDDD41,0,0,12,0,10,0,6,7,0.633618948,0.523630785,1120,948.4640836,27,94.07967412
1,5A8FACDE-4E1C-45D2-8F80-75E16D4CBE33,93B845F5-7C4A-4CBD-BB06-C4AB7A2A97EF,0.288675135,0.444444444,13,0,227422,1024,0,0,0,0,3,12.72067179,3,12.72067179
1,5c2cb0b6-553c-4830-a095-578958575210,9f1d6fcb-9179-43ea-991d-7e8bb531e8fb,0.857142857,0.6,2,1,12925,49,0,0,0,1,6,13.93156857,2,7.813781191
1,5c2cb0b6-553c-4830-a095-578958575210,6fad28cf-9d30-45ad-9ad0-7dffdeeacbae,0.668153105,0.222222222,7,1,47423,81,0,0,0,0,2,7.813781191,6,13.93156857
3,1114852C-1B29-4969-91B7-C007913DE50B,7DF568D5-B2C5-4F2A-A0C3-5AFD5C65FF3B,0,0.363636364,7,0,246086,537,0,0,0.002187524,0,83,79.55511941,18,38.32403072
1,1114852C-1B29-4969-91B7-C007913DE50B,F6EED236-27A4-4AD4-A78B-E4896B32D3CE,0.291605922,0.6,4,1,40,3,1,1,0.124034735,1,2,7.813781191,18,38.32403072
3,1114852C-1B29-4969-91B7-C007913DE50B,1D153994-6D3C-45E3-A6F5-47817E1A0281,0,0.333333333,10,0,214021,454,0,0,0,0,30,32.23883096,18,38.32403072
1,1114852C-1B29-4969-91B7-C007913DE50B,B19A658E-D1CB-4735-B6EC-3E734F47812D,0,0.3,7,0,116664,153,0,0,0,0,133,110.497136,18,38.32403072
1,4360a1bb-af03-4c59-aaae-f5503f4c89ea,0563d3d3-87de-4f54-b539-0cba0d50208d,0.15,0.111111111,8,0,13706,53,0,0,0,1,3,9.965784285,24,13.72344931
1,4360a1bb-af03-4c59-aaae-f5503f4c89ea,01536f96-ad43-45c9-8bf8-35a92b9b36f2,0.158113883,0.1,9,0,461211,568,0,0,0,0,3,9.965784285,18,27.72067179
1,4360a1bb-af03-4c59-aaae-f5503f4c89ea,2bd9bc6a-4c5f-4c4e-94a8-7c5d9a3e3dfc,0.173205081,0.125,7,0,526834,618,0,0,0,0,3,9.965784285,6,19.44134357
1,4360a1bb-af03-4c59-aaae-f5503f4c89ea,b6a2bb10-55ee-49e6-b830-7abd6ccc7791,0.820782682,0.625,3,1,40,1,1,1,1,1,3,9.965784285,3,9.965784285
1,4360a1bb-af03-4c59-aaae-f5503f4c89ea,030efb40-60fc-41b9-9cde-39fc1c15f87f,0.2,0.142857143,6,0,526813,617,0,0,0,0,3,9.965784285,2,7.813781191
1,93B845F5-7C4A-4CBD-BB06-C4AB7A2A97EF,BE233947-CC21-4745-AF6C-B359C1A25DC7,0.377964473,0.625,3,1,62941,312,0,0,0,0,3,12.72067179,6,17.8317031
1,93B845F5-7C4A-4CBD-BB06-C4AB7A2A97EF,6BD2799C-B533-4FFD-BABC-7CE2EC0B3ACC,0.25,0.625,3,1,2310,74,0,1,0.894427191,1,3,12.72067179,2,7.813781191
1,93B845F5-7C4A-4CBD-BB06-C4AB7A2A97EF,95213FD1-F769-4987-ABE2-81CA778204CF,0,0,12,0,29,2,1,1,0.843274043,0.514495755,3,12.72067179,8,30.50023726
1,93B845F5-7C4A-4CBD-BB06-C4AB7A2A97EF,08B01F11-64BA-4C3E-8174-0403E021402F,0.288675135,0.4,6,1,10453,153,0,0,0,0.058722022,3,12.72067179,18,35.79470571
1,93B845F5-7C4A-4CBD-BB06-C4AB7A2A97EF,4C1FF89E-B887-411B-90F8-F363AA739BB6,0.158113883,0.625,3,1,2420,77,0,1,0.632455532,1,3,12.72067179,8,23.25512476
1,93B845F5-7C4A-4CBD-BB06-C4AB7A2A97EF,47C7573D-F3AC-4E42-BF47-E0AB00886A13,0.288675135,0.625,3,1,401052,1675,0,0,0,0,3,12.72067179,2,9.813781191
1,93B845F5-7C4A-4CBD-BB06-C4AB7A2A97EF,7012EDDC-B099-42F9-9FA9-DE67F38D0B7C,0,0,12,0,69,3,1,1,0.042352355,0.141421356,3,12.72067179,24,38.27850599
1,93B845F5-7C4A-4CBD-BB06-C4AB7A2A97EF,5A8FACDE-4E1C-45D2-8F80-75E16D4CBE33,0.288675135,0.444444444,13,0,227422,1024,0,0,0,0,3,12.72067179,3,12.72067179
1,93B845F5-7C4A-4CBD-BB06-C4AB7A2A97EF,4418E75A-F817-4C55-8E79-3074D4104ECE,0.353553391,0.625,3,1,65401,355,0,0,0,0,3,12.72067179,5,12.9248125
1,93B845F5-7C4A-4CBD-BB06-C4AB7A2A97EF,5B406C8B-F653-4EB5-AE95-817BC1C28603,0.176776695,0.625,3,1,2090,57,0,1,0,0.948683298,3,12.72067179,4,14.87267488
1,93B845F5-7C4A-4CBD-BB06-C4AB7A2A97EF,A23AE4A1-1219-4FAA-9C15-06383EF2452E,0.25,0.625,3,1,2340,76,0,1,0.8,1,3,12.72067179,3,12.72067179
1,261E5AC9-A990-4855-87E5-03D9DF830E78,149B7135-8696-4140-B17D-326B31120187,0.577350269,0.6,2,1,281656,470,0,0,0,0,2,7.813781191,7,21.59334667
2,261E5AC9-A990-4855-87E5-03D9DF830E78,1629A592-E469-4E03-A100-B211BB47F813,0.577350269,0.6,2,1,100092,242,0,0,0,0,2,7.813781191,2,7.813781191
2,261E5AC9-A990-4855-87E5-03D9DF830E78,31FA9B38-D325-4427-BB9E-31BC75813A2E,0.21821789,0.090909091,10,0,19,1,1,2,0.572848444,1,2,7.813781191,39,95.7311765
2,261E5AC9-A990-4855-87E5-03D9DF830E78,741D8EA9-4D35-40C3-BBAE-8C91C90F334F,1,0.333333333,4,1,6241,106,0,0,0,1,2,7.813781191,2,7.813781191
2,261E5AC9-A990-4855-87E5-03D9DF830E78,02B037A0-CA9C-4CE8-BE25-AD5FF84BDABC,0.471404521,0.6,2,1,4600,77,0,0,0,1,2,7.813781191,3,9.965784285
1,63F83CD4-979A-432A-8C9B-31485936B843,7DF568D5-B2C5-4F2A-A0C3-5AFD5C65FF3B,0.267261242,0,11,0,130,6,1,1,0.052909148,0.037473661,83,79.55511941,4,11.62756238
1,63F83CD4-979A-432A-8C9B-31485936B843,01D74915-BACE-4F1E-A0AC-1D1E195B7BF0,0.676123404,0.6,2,1,70735,227,0,0,0,0,7,14.69674971,4,11.62756238
3,F2539764-A43C-48DA-B1C8-4B0091D8057C,C56EF5A5-7505-4A2B-9111-97269D6E4015,0,0.666666667,2,0,90,2,2,2,1,1,4,11.62756238,23,54.61965274
1,F2539764-A43C-48DA-B1C8-4B0091D8057C,FEAAA6C8-6100-4C08-AAF5-B9296006C282,0,0.6,2,0,16646,141,0,0,0.207323074,0.420804081,727,978.5692739,23,54.61965274
1,01D74915-BACE-4F1E-A0AC-1D1E195B7BF0,F829B37D-1D84-419A-A108-9512B18F9270,0.8,0.6,2,1,232652,612,0,0,0,0,7,14.69674971,30,51.4477378
1,01D74915-BACE-4F1E-A0AC-1D1E195B7BF0,63F83CD4-979A-432A-8C9B-31485936B843,0.676123404,0.6,2,1,70735,227,0,0,0,0,7,14.69674971,4,11.62756238
2,01D74915-BACE-4F1E-A0AC-1D1E195B7BF0,7FCE5C92-C5C5-4793-A0AF-744568166F33,0,0,9,0,150,5,1,1,1,1,7,14.69674971,2,7.813781191
2,01D74915-BACE-4F1E-A0AC-1D1E195B7BF0,55B0C0A3-F5F3-4E5E-AB57-C3F74495C51F,0.676123404,0.6,2,1,770,22,0,1,0,1,7,14.69674971,2,7.813781191
1,01D74915-BACE-4F1E-A0AC-1D1E195B7BF0,01A0ADC3-ACFC-4A03-B6BC-51E4D97FB58D,0,0.142857143,6,0,416258,1060,0,0,0,0,7,14.69674971,3,9.965784285
3,01D74915-BACE-4F1E-A0AC-1D1E195B7BF0,F712BD52-80E0-4184-91B3-9565A8C239EF,0,0.142857143,6,0,116,3,1,1,1,1,7,14.69674971,2,7.813781191
2,01D74915-BACE-4F1E-A0AC-1D1E195B7BF0,1D153994-6D3C-45E3-A6F5-47817E1A0281,0,0,12,0,102220,300,0,0,0,0,30,32.23883096,7,14.69674971
2,01D74915-BACE-4F1E-A0AC-1D1E195B7BF0,9853B381-AAD2-44BF-B3EB-4BCF5F553A44,0.596284794,0.6,2,1,670,21,0,1,0,1,7,14.69674971,4,11.62756238
2,01D74915-BACE-4F1E-A0AC-1D1E195B7BF0,DF066B08-C611-4AA3-99A3-4A16A1A5CB31,0.516397779,0.428571429,4,1,960,25,0,1,0,1,7,14.69674971,3,9.965784285
1,01D74915-BACE-4F1E-A0AC-1D1E195B7BF0,23CC0003-0A45-40B3-9CA9-53DA0EDCA9DE,0.730296743,0.6,2,1,333385,808,0,0,0,0,7,14.69674971,2,7.813781191
1,251724de-ce80-4cfc-906f-005604a9fc99,65c80a8b-367b-40fb-869f-d51135855ceb,0.404519917,0,6,0,87916,106,0,0,0.08304548,0,9,32.55237489,3,14.72067179
3,251724de-ce80-4cfc-906f-005604a9fc99,4028b9c1-e61d-4f8a-b70b-e759294c65fa,0.269679945,0.4,3,1,30,1,1,1,0.939552351,0.91146543,9,32.55237489,4,14.87267488
1,251724de-ce80-4cfc-906f-005604a9fc99,8e8f1e3e-37fb-4aff-96bb-16b5d2fc0624,0.363636364,0,6,0,76766,99,0,0,0,0.960768923,9,32.55237489,2,7.813781191
1,251724de-ce80-4cfc-906f-005604a9fc99,19bfd485-d1bf-4526-a8e5-4f783d346a57,0.272727273,0.25,6,1,18486,70,0,0,0,0.160128154,9,32.55237489,6,13.93156857
2,CF10F12C-F1A2-4EEE-BBB5-4608D9EFA9C6,086FC940-A14E-426A-9C56-A5F1518F47D4,0.833333333,0.666666667,2,1,959,62,0,1,0.707106781,0.707106781,2,7.813781191,2,9.813781191
2,CF10F12C-F1A2-4EEE-BBB5-4608D9EFA9C6,0165CE8F-CC84-4AEC-A293-3E87BAA6A337,0.833333333,0.666666667,2,1,529,34,0,1,1,1,2,7.813781191,2,7.813781191
2,CF10F12C-F1A2-4EEE-BBB5-4608D9EFA9C6,EE0052FC-EC29-4932-A678-1DE60697D323,0.23570226,0.25,6,1,20,0,1,1,0.447213595,0.447213595,2,7.813781191,3,14.72067179
3,BF96A8B1-2EBC-4E50-89DC-A01C020379BE,358E1DFF-562E-4FFB-9FAD-FD89DA70068A,0.63900965,0.571428571,9,0,39490,56,0,0,0,0.274721128,18,61.20461524,14,41.57705286
3,BF96A8B1-2EBC-4E50-89DC-A01C020379BE,50A30540-12DE-4A3C-9558-822F77DF8DE3,0.769800359,0.571428571,9,0,40337,65,0,0,0,1,12,27.86313714,14,41.57705286
1,01A0ADC3-ACFC-4A03-B6BC-51E4D97FB58D,1D153994-6D3C-45E3-A6F5-47817E1A0281,0,0,12,0,313587,813,0,0,0,0,30,32.23883096,3,9.965784285
1,01A0ADC3-ACFC-4A03-B6BC-51E4D97FB58D,B19A658E-D1CB-4735-B6EC-3E734F47812D,0,0,9,0,216231,531,0,0,0,0,133,110.497136,3,9.965784285
1,01A0ADC3-ACFC-4A03-B6BC-51E4D97FB58D,F2DABF6B-C63B-428B-A9F5-994387EDDD41,0,0,12,0,216447,532,0,0,0.492963858,0,1120,948.4640836,3,9.965784285
1,01A0ADC3-ACFC-4A03-B6BC-51E4D97FB58D,01D74915-BACE-4F1E-A0AC-1D1E195B7BF0,0,0.142857143,6,0,416258,1060,0,0,0,0,7,14.69674971,3,9.965784285
1,8DAA9A9B-1931-4B3A-8E6F-3F7C0AD6A630,08B65D34-4368-46CE-8F24-D6CC1054D86D,0,0.125,7,0,61497,203,0,0,0,0,4,15.62756238,12,15.86313714
3,8DAA9A9B-1931-4B3A-8E6F-3F7C0AD6A630,966164E9-EEBF-4356-8B3C-4F24F5C5151A,0.316227766,0.111111111,8,0,61245,197,0,0,0,0,4,15.62756238,6,13.93156857
2,8DAA9A9B-1931-4B3A-8E6F-3F7C0AD6A630,B4FA465C-21AC-4A68-B85A-83EB8C6DBE90,0.327326835,0.111111111,8,0,60897,192,0,0,0,0,4,15.62756238,18,13.26538069
1,8DAA9A9B-1931-4B3A-8E6F-3F7C0AD6A630,018EFB16-7442-422F-8148-5C0719E57718,0,0.111111111,8,0,330551,966,0,0,0,0,4,15.62756238,3,9.965784285
3,8DAA9A9B-1931-4B3A-8E6F-3F7C0AD6A630,840EA217-B1D4-4A1B-A691-9CB3CA61BB5B,0.40824829,0.166666667,5,0,82739,341,0,0,0,0,4,15.62756238,5,16.53445298
2,8DAA9A9B-1931-4B3A-8E6F-3F7C0AD6A630,2EB764A1-7791-422B-AA5F-5E0FED50C156,0.246182982,0.2,10,0,10,0,1,1,1,1,4,15.62756238,2,7.813781191
3,8DAA9A9B-1931-4B3A-8E6F-3F7C0AD6A630,9BEBABCA-FB69-4652-9395-4C5B51F46B4F,0,0.125,7,0,33,3,1,1,1,1,4,15.62756238,15,23.4976426
1,8DAA9A9B-1931-4B3A-8E6F-3F7C0AD6A630,CFEB9AEC-C1A3-406F-AFD1-4EDDC77594B5,0,0.111111111,8,0,177262,843,0,0,0,0,4,15.62756238,2,7.813781191
3,8DAA9A9B-1931-4B3A-8E6F-3F7C0AD6A630,01140E19-F82A-42BC-88D5-14FD98D5F39D,0,0.111111111,8,0,3869,38,0,0,0,1,4,15.62756238,4,15.62756238
1,4246A0F0-8E44-4C5D-BEB0-96D539AB870B,7F16357F-C42F-4429-AA35-758AD677C8B8,0,0.090909091,10,0,115406,330,0,0,0,0.143995392,5,12.9248125,176,162.2619921
2,4246A0F0-8E44-4C5D-BEB0-96D539AB870B,0D1EFE9F-DE90-4FFA-BD62-BBD1EB6A554F,0.428571429,0.777777778,2,1,10,0,3,6,0.886963148,0.345859183,185,288.8559114,176,162.2619921
1,4246A0F0-8E44-4C5D-BEB0-96D539AB870B,A85EE4C3-33E2-4C28-B7CC-001EB6CD0BDE,0,0.7,3,0,109306,183,0,0,0,0.143995392,2,7.813781191,176,162.2619921
1,C9E7B0F3-414C-41AB-A5A0-5595C8E4C1EF,D6A2CF92-D752-4B17-9041-D7F92CC801AA,0,0.333333333,7,0,100,2,1,1,0.287533501,0.323782213,1074,1772.230769,426,513.492012
1,C9E7B0F3-414C-41AB-A5A0-5595C8E4C1EF,9C2C7521-DE44-47B2-8A54-59A662AC8392,0,0.5,4,0,1118670,1523,0,0,0,0.007949663,4,17.62756238,426,513.492012
1,AB78AFE2-A280-458F-B459-46941C1FEEC8,882B307C-CC6D-45DB-957A-19CBB0A8F90A,0.40824829,0.571428571,3,1,11923,162,0,0,0,1,43,72.49280215,56,58.78587335
1,AB78AFE2-A280-458F-B459-46941C1FEEC8,9581183F-7C3F-4B71-BD48-ED6B6C004812,0,0.3,7,0,77320,456,0,0,0,0,43,72.49280215,2,7.813781191
1,AB78AFE2-A280-458F-B459-46941C1FEEC8,6A68B53F-F4FE-4B30-82B0-5344BECE5F4B,0,0.5,10,0,10,0,2,2,1,1,43,72.49280215,4,11.62756238
3,AB78AFE2-A280-458F-B459-46941C1FEEC8,FFCFF293-16CC-4FFA-863F-E7F2AF7F6799,0.471404521,0.714285714,2,0,30,1,1,2,1,1,43,72.49280215,6,17.8317031
1,AB78AFE2-A280-458F-B459-46941C1FEEC8,08B01F11-64BA-4C3E-8174-0403E021402F,0,0.3,11,0,8733,108,0,0,0,0.058722022,43,72.49280215,18,35.79470571
1,AB78AFE2-A280-458F-B459-46941C1FEEC8,A97CEF09-4465-4F7C-A14F-2545ADFD5089,0,0.3,11,0,266077,1158,0,0,0,0,43,72.49280215,4,11.62756238
1,AB78AFE2-A280-458F-B459-46941C1FEEC8,530D39A9-D708-4340-B527-80A7AE56B93F,0,0.5,4,0,264567,1142,0,0,0,0,32,46.4982492,43,72.49280215
1,AB78AFE2-A280-458F-B459-46941C1FEEC8,EAC8E36F-FBBC-49B2-A170-42D83F8887C6,0,0.571428571,3,0,88778,336,0,0,0,0,26,46.71113405,43,72.49280215
1,AB78AFE2-A280-458F-B459-46941C1FEEC8,018BD3E4-7C39-4B98-9385-489C3885C43B,0,0,11,0,265157,1149,0,0,0,0,43,72.49280215,5,12.9248125
1,AB78AFE2-A280-458F-B459-46941C1FEEC8,B13D72AE-AC92-4895-9188-F052AB0CCD0C,0,0,9,0,70,6,1,1,0.224859507,1,43,72.49280215,16,25.64964569
1,FEAAA6C8-6100-4C08-AAF5-B9296006C282,B9A4FB0C-EBA6-47DA-8D03-734D9BD79252,0,0.375,5,0,1969,14,0,3,0.577164779,0.699584764,15,56.09358393,727,978.5692739
3,FEAAA6C8-6100-4C08-AAF5-B9296006C282,5C6AB760-D356-4E29-8E57-199D8354FA74,0,0.428571429,8,0,9,0,2,2,0.587415376,0.906776935,3,9.965784285,727,978.5692739
1,FEAAA6C8-6100-4C08-AAF5-B9296006C282,238AAECF-0964-4B33-84C2-60E1EA8FEC80,0,0.6,2,0,257033,342,0,0,0.587415376,0,727,978.5692739,3,9.965784285
1,FEAAA6C8-6100-4C08-AAF5-B9296006C282,F2927863-4DC9-4112-887A-7FA7DD458E15,0,0.375,9,0,130,1,1,3,0.35116045,0.420804081,162,149.9410627,727,978.5692739
2,FEAAA6C8-6100-4C08-AAF5-B9296006C282,18CCEBAF-044D-4C06-BB3C-46FA24616113,0,0.428571429,8,0,2,0,53,56,0.465196153,0.906776935,283,336.9212156,727,978.5692739
1,FEAAA6C8-6100-4C08-AAF5-B9296006C282,F2539764-A43C-48DA-B1C8-4B0091D8057C,0,0.6,2,0,16646,141,0,0,0.207323074,0.420804081,727,978.5692739,23,54.61965274
3,FEAAA6C8-6100-4C08-AAF5-B9296006C282,D1D2BB9B-70DB-4503-8945-B67EBC22F7B7,0,0.5,7,0,9,0,2,2,0.587415376,0.906776935,10,23.06890596,727,978.5692739
1,7FBF98EC-A0AD-4AF3-9427-3724D0CF3A79,016A04C0-720F-46D6-A297-F5FAEE6FAD82,0,0,9,0,89265,471,0,0,0,0,4,11.62756238,4,11.62756238
2,7FBF98EC-A0AD-4AF3-9427-3724D0CF3A79,0E3ACA1C-0195-4B3E-B2FC-4C9E11AB7F2F,0,0.230769231,11,0,145027,536,0,0,0,0,4,11.62756238,2,9.813781191
1,7FBF98EC-A0AD-4AF3-9427-3724D0CF3A79,EF647E05-60E8-4090-8D84-C88357D58986,0,0.666666667,2,0,74838,304,0,0,0,0,4,11.62756238,2,7.813781191
3,7FBF98EC-A0AD-4AF3-9427-3724D0CF3A79,F431A5C2-4217-4F6B-8B99-85AF7913CE11,0,0,10,0,20,1,1,2,0.747409319,0.747409319,4,11.62756238,17,53.41714013
1,7FBF98EC-A0AD-4AF3-9427-3724D0CF3A79,1DF07FE5-9769-409A-9547-0377ED43EBA2,0,0.230769231,11,0,196125,524,0,0,0,0,4,11.62756238,8,22.89059679
3,7FBF98EC-A0AD-4AF3-9427-3724D0CF3A79,EC484C6D-CB54-4EEF-8E97-021F64E8211A,0,0,9,0,100,4,2,2,0.444444444,0.52999894,4,11.62756238,13,35.78957774
2,7FBF98EC-A0AD-4AF3-9427-3724D0CF3A79,239EE382-96D9-420F-8780-B55E2F31D91B,0,0.230769231,11,0,9181,109,0,0,0,1,4,11.62756238,2,7.813781191
2,7FBF98EC-A0AD-4AF3-9427-3724D0CF3A79,29EA1645-B80E-490C-95BB-1AC96A89F01D,0.25,0,11,0,130,10,1,1,0.099503719,1,4,11.62756238,11,30.7565156
1,7FBF98EC-A0AD-4AF3-9427-3724D0CF3A79,01140E19-F82A-42BC-88D5-14FD98D5F39D,0,0,10,0,181797,465,0,0,0,0,4,11.62756238,4,15.62756238
1,AE9C3AFA-2ADA-43CC-95F0-B2BD2908520B,F6EED236-27A4-4AD4-A78B-E4896B32D3CE,0.178174161,0.363636364,7,1,20,1,1,1,0.014454852,0.94177771,2,7.813781191,110,178.423668
1,AE9C3AFA-2ADA-43CC-95F0-B2BD2908520B,509B4496-AAFA-4615-A43A-8E9EA0F482A8,0.288675135,0.363636364,7,1,40,2,1,1,7.22E-04,0.339379619,21,41.3293457,110,178.423668
3,1D153994-6D3C-45E3-A6F5-47817E1A0281,1114852C-1B29-4969-91B7-C007913DE50B,0,0.333333333,10,0,214021,454,0,0,0,0,30,32.23883096,18,38.32403072
1,1D153994-6D3C-45E3-A6F5-47817E1A0281,01A0ADC3-ACFC-4A03-B6BC-51E4D97FB58D,0,0,12,0,313587,813,0,0,0,0,30,32.23883096,3,9.965784285
2,1D153994-6D3C-45E3-A6F5-47817E1A0281,A11E845F-A4C0-48C8-BA9E-19169E593DA0,0,0,12,0,10,0,2,3,0.351123442,0.351123442,30,32.23883096,11,36.46602155
3,1D153994-6D3C-45E3-A6F5-47817E1A0281,015C7056-8944-4CBF-9FF4-CC5D8B1CD04A,0,0.4,8,0,91038,275,0,0,0,0,30,32.23883096,2,9.813781191
3,1D153994-6D3C-45E3-A6F5-47817E1A0281,B639FDE2-7DD2-4606-910D-2F721BDDEABD,0,0.333333333,10,0,217403,462,0,0,0,0,30,32.23883096,4,14.87267488
2,1D153994-6D3C-45E3-A6F5-47817E1A0281,01D74915-BACE-4F1E-A0AC-1D1E195B7BF0,0,0,12,0,102220,300,0,0,0,0,30,32.23883096,7,14.69674971
2,1D153994-6D3C-45E3-A6F5-47817E1A0281,E10F4BC5-873C-4929-9BEF-18F97672000F,0,0,12,0,9,2,2,3,0.390566733,0.351123442,30,32.23883096,11,32.3243121
2,1D153994-6D3C-45E3-A6F5-47817E1A0281,C9A2FAEE-2F47-416A-A883-70FE2ED447D7,0,0,17,0,130,4,1,2,0.707106781,1,30,32.23883096,2,9.813781191
1,1D153994-6D3C-45E3-A6F5-47817E1A0281,01385D53-4470-420F-82F5-A4B025952F57,0,0,19,0,315927,840,0,0,0,0,30,32.23883096,3,9.965784285
1,D1D2BB9B-70DB-4503-8945-B67EBC22F7B7,161450E7-33C3-49A6-8B98-CFCC5EBDECE8,0,0.333333333,10,0,69016,205,0,0,0.447213595,0,10,23.06890596,3,12.72067179
2,D1D2BB9B-70DB-4503-8945-B67EBC22F7B7,5C6AB760-D356-4E29-8E57-199D8354FA74,0.5,0.444444444,5,1,1073,45,0,1,1,1,3,9.965784285,10,23.06890596
1,D1D2BB9B-70DB-4503-8945-B67EBC22F7B7,D2EC5CF6-860E-406F-ADE0-771A6ED175A6,0,0.444444444,5,0,86341,668,0,0,1,0,10,23.06890596,94,48.69765414
3,D1D2BB9B-70DB-4503-8945-B67EBC22F7B7,FEAAA6C8-6100-4C08-AAF5-B9296006C282,0,0.5,7,0,9,0,2,2,0.587415376,0.906776935,10,23.06890596,727,978.5692739
1,D1D2BB9B-70DB-4503-8945-B67EBC22F7B7,F2927863-4DC9-4112-887A-7FA7DD458E15,0,0.4,6,0,87931,674,0,0,0.008373553,0,10,23.06890596,162,149.9410627
3,2EB1B81D-9908-4C35-B8D3-C047FDE14F43,F7010068-04D6-45E4-9A03-47C2FCC2BE4A,0,0.230769231,10,0,117295,446,0,0,0,0,37,23.41013568,28,43.35383666
1,2EB1B81D-9908-4C35-B8D3-C047FDE14F43,509B4496-AAFA-4615-A43A-8E9EA0F482A8,0.223606798,0.6,4,1,15958,198,0,0,0,0.998752339,21,41.3293457,28,43.35383666
1,238AAECF-0964-4B33-84C2-60E1EA8FEC80,D2EC5CF6-860E-406F-ADE0-771A6ED175A6,0,0.333333333,10,0,259278,357,0,0,1,0,94,48.69765414,3,9.965784285
1,238AAECF-0964-4B33-84C2-60E1EA8FEC80,FEAAA6C8-6100-4C08-AAF5-B9296006C282,0,0.6,2,0,257033,342,0,0,0.587415376,0,727,978.5692739,3,9.965784285
1,F70FA703-FD9B-4654-B410-11E7B4DBA61C,DC80397E-77EC-44F3-A643-65496760896C,0.176776695,0,14,0,64977,210,0,0,0,0,2,7.813781191,2,7.813781191
1,F70FA703-FD9B-4654-B410-11E7B4DBA61C,1C276C1F-A8BC-432C-AB63-0DAD7FC01371,0,0.1875,14,0,327120,893,0,0,0,0,2,7.813781191,7,22.73859369
1,F70FA703-FD9B-4654-B410-11E7B4DBA61C,E7B6E1F5-05C7-4E4D-A071-F0C696E6AF48,0.166666667,0,13,0,83768,257,0,0,1,0,2,7.813781191,3,9.965784285
1,F70FA703-FD9B-4654-B410-11E7B4DBA61C,23090A3B-3AF5-4062-888A-7043EA3F0342,0,0.1875,14,0,14533,121,0,0,0,1,2,7.813781191,6,17.8317031
1,F70FA703-FD9B-4654-B410-11E7B4DBA61C,DD43E0D5-6014-4A79-B2AB-D69C054E1F49,0.136082763,0,12,0,330721,969,0,0,0,0,2,7.813781191,6,17.8317031
3,F70FA703-FD9B-4654-B410-11E7B4DBA61C,B95C7F73-FAEB-4AD7-968B-C72055C81FFD,0,0.7,3,1,1326,14,0,1,1,1,2,7.813781191,2,7.813781191
1,F70FA703-FD9B-4654-B410-11E7B4DBA61C,008A7DD9-ECA1-461C-9FE1-D00D4A482A79,0,0.1875,14,0,352471,1173,0,0,0,0,2,7.813781191,2,7.813781191
1,F70FA703-FD9B-4654-B410-11E7B4DBA61C,E5423346-9D0C-4291-A25C-D6D2B01ECE4D,0,0,11,0,130,7,1,1,0.6401844,1,2,7.813781191,11,26.85638107
3,F70FA703-FD9B-4654-B410-11E7B4DBA61C,05992CF6-B282-4E7D-9C7C-A36A54FC8DDA,0,0,15,0,20,1,1,1,0.075592895,0.224230528,2,7.813781191,17,33.31142379
1,F70FA703-FD9B-4654-B410-11E7B4DBA61C,1FB73324-B08B-4D9A-9208-D387ABCD6A26,0,0.1875,14,0,80200,347,0,0,0,0,2,7.813781191,2,7.813781191
1,04EBE247-8EE6-4E08-B78B-2E2CD67BD1D3,7F16357F-C42F-4429-AA35-758AD677C8B8,0,0.083333333,11,0,116047,333,0,0,0.016917172,0.010703699,5,12.9248125,1957,1067.998044
3,04EBE247-8EE6-4E08-B78B-2E2CD67BD1D3,3B027EB5-366F-45E8-9CD4-92A81716C562,0,0.333333333,6,1,19,1,3,4,0.284608822,0.061411419,77,140.7974342,1957,1067.998044
1,90FB6310-B9A9-4EE3-935D-C5A21249DBCC,94880553-9CBE-42C4-93AC-A68E60B6DA0A,0.40824829,0.428571429,4,1,1224831,1870,0,0,0,0.7159744,19,26.62756238,953,949.1562189
1,90FB6310-B9A9-4EE3-935D-C5A21249DBCC,286500CD-3D91-4831-90A3-98052171840B,0.5,0.375,6,1,169154,298,0,0,0,0.409537078,19,26.62756238,532,722.5375469
1,1630F32B-3E80-4177-8345-90886377B8D3,43C1393A-142A-4008-9183-9C211CECAF49,0.471404521,0.285714286,10,1,1740,36,0,1,0.035054537,0.088396998,22,64.69046817,347,305.9394986
1,1630F32B-3E80-4177-8345-90886377B8D3,A0039947-28C1-4855-88DA-600B5AE9EA2B,0.5,0.625,3,1,527487,949,0,0,0,0,26,28.52050546,347,305.9394986
1,12B31BD5-74BF-4649-BE83-F7BBF88B19A5,7DF568D5-B2C5-4F2A-A0C3-5AFD5C65FF3B,0,0.363636364,7,0,11080,66,0,0,0,0.999297616,83,79.55511941,4,14.87267488
1,12B31BD5-74BF-4649-BE83-F7BBF88B19A5,509B4496-AAFA-4615-A43A-8E9EA0F482A8,0.216295228,0.6,4,1,1714,37,0,1,0,0.998752339,21,41.3293457,4,14.87267488
1,08B01F11-64BA-4C3E-8174-0403E021402F,93B845F5-7C4A-4CBD-BB06-C4AB7A2A97EF,0.288675135,0.4,6,1,10453,153,0,0,0,0.058722022,3,12.72067179,18,35.79470571
1,08B01F11-64BA-4C3E-8174-0403E021402F,882B307C-CC6D-45DB-957A-19CBB0A8F90A,0,0.333333333,10,0,3190,63,0,1,0.021808811,0.058722022,56,58.78587335,18,35.79470571
1,08B01F11-64BA-4C3E-8174-0403E021402F,A23AE4A1-1219-4FAA-9C15-06383EF2452E,0.288675135,0.444444444,5,1,160,86,1,1,0.026261287,0.058722022,3,12.72067179,18,35.79470571
1,08B01F11-64BA-4C3E-8174-0403E021402F,AB78AFE2-A280-458F-B459-46941C1FEEC8,0,0.3,11,0,8733,108,0,0,0,0.058722022,43,72.49280215,18,35.79470571
1,F2927863-4DC9-4112-887A-7FA7DD458E15,5C6AB760-D356-4E29-8E57-199D8354FA74,0,0.666666667,3,0,86831,635,0,0,0.008373553,0,3,9.965784285,162,149.9410627
2,F2927863-4DC9-4112-887A-7FA7DD458E15,D2EC5CF6-860E-406F-ADE0-771A6ED175A6,0.2,0.666666667,3,1,360,1,0,1,0.008373553,1,94,48.69765414,162,149.9410627
1,F2927863-4DC9-4112-887A-7FA7DD458E15,FEAAA6C8-6100-4C08-AAF5-B9296006C282,0,0.375,9,0,130,1,1,3,0.35116045,0.420804081,162,149.9410627,727,978.5692739
1,F2927863-4DC9-4112-887A-7FA7DD458E15,18CCEBAF-044D-4C06-BB3C-46FA24616113,0,0.5,5,0,74271,462,0,0,0.953988323,0,162,149.9410627,283,336.9212156
1,F2927863-4DC9-4112-887A-7FA7DD458E15,D1D2BB9B-70DB-4503-8945-B67EBC22F7B7,0,0.4,6,0,87931,674,0,0,0.008373553,0,10,23.06890596,162,149.9410627
3,18CCEBAF-044D-4C06-BB3C-46FA24616113,7339EDCF-8433-46FC-8741-E02DA2244C68,0.881917104,0.5,5,1,37,3,1,1,0.069521119,1,283,336.9212156,63,123.9869409
2,18CCEBAF-044D-4C06-BB3C-46FA24616113,5C6AB760-D356-4E29-8E57-199D8354FA74,0,0.555555556,4,0,3075,56,0,1,0,1,283,336.9212156,3,9.965784285
1,18CCEBAF-044D-4C06-BB3C-46FA24616113,D2EC5CF6-860E-406F-ADE0-771A6ED175A6,0,0.555555556,4,0,72680,456,0,0,0,0,94,48.69765414,283,336.9212156
2,18CCEBAF-044D-4C06-BB3C-46FA24616113,FEAAA6C8-6100-4C08-AAF5-B9296006C282,0,0.428571429,8,0,2,0,53,56,0.465196153,0.906776935,283,336.9212156,727,978.5692739
1,18CCEBAF-044D-4C06-BB3C-46FA24616113,F2927863-4DC9-4112-887A-7FA7DD458E15,0,0.5,5,0,74271,462,0,0,0.953988323,0,162,149.9410627,283,336.9212156
1,18CCEBAF-044D-4C06-BB3C-46FA24616113,161450E7-33C3-49A6-8B98-CFCC5EBDECE8,0,0.444444444,11,0,73422,291,0,0,0,0,283,336.9212156,3,12.72067179
1,18CCEBAF-044D-4C06-BB3C-46FA24616113,657E6EF2-52A1-4BEB-BE09-B72F51692F5D,0,0.5,5,0,80061,498,0,0,0.751396744,0,283,336.9212156,21,40.58458275
1,7DF568D5-B2C5-4F2A-A0C3-5AFD5C65FF3B,12B31BD5-74BF-4649-BE83-F7BBF88B19A5,0,0.363636364,7,0,11080,66,0,0,0,0.999297616,83,79.55511941,4,14.87267488
3,7DF568D5-B2C5-4F2A-A0C3-5AFD5C65FF3B,1114852C-1B29-4969-91B7-C007913DE50B,0,0.363636364,7,0,246086,537,0,0,0.002187524,0,83,79.55511941,18,38.32403072
1,7DF568D5-B2C5-4F2A-A0C3-5AFD5C65FF3B,F2DABF6B-C63B-428B-A9F5-994387EDDD41,0,0.25,9,0,140,9,1,2,0.038993035,0.486559336,83,79.55511941,1120,948.4640836
1,7DF568D5-B2C5-4F2A-A0C3-5AFD5C65FF3B,7620034E-5D29-460D-8AC6-527FB2FF6DC9,0.316227766,0,11,0,260,14,1,1,0.052909148,0.037473661,83,79.55511941,2,7.813781191
1,7DF568D5-B2C5-4F2A-A0C3-5AFD5C65FF3B,84EDB627-146B-42F4-B5A5-73B277D25FDB,0,0.363636364,7,0,8590,36,0,0,0.0166793,0.94506822,83,79.55511941,17,43.36339232
1,7DF568D5-B2C5-4F2A-A0C3-5AFD5C65FF3B,63F83CD4-979A-432A-8C9B-31485936B843,0.267261242,0,11,0,130,6,1,1,0.052909148,0.037473661,83,79.55511941,4,11.62756238
2,7DF568D5-B2C5-4F2A-A0C3-5AFD5C65FF3B,9E988225-1C45-490F-966A-0CB08B2D0E23,0.316227766,0,11,0,300,17,1,1,0.052909148,0.037473661,83,79.55511941,4,11.62756238
1,7DF568D5-B2C5-4F2A-A0C3-5AFD5C65FF3B,9EC3F71D-BDA8-42B9-BAEF-0E474A8C2295,0,0,12,0,110,5,1,1,0.052909148,0.037473661,83,79.55511941,2,7.813781191
1,7F16357F-C42F-4429-AA35-758AD677C8B8,010DF268-2657-4836-BC82-E9175F2B2A50,0,0,10,0,348576,764,0,0,0,0,5,12.9248125,12,15.86313714
1,7F16357F-C42F-4429-AA35-758AD677C8B8,4246A0F0-8E44-4C5D-BEB0-96D539AB870B,0,0.090909091,10,0,115406,330,0,0,0,0.143995392,5,12.9248125,176,162.2619921
1,7F16357F-C42F-4429-AA35-758AD677C8B8,0189C6C6-C0E6-48B1-AF89-75B06408DE53,0,0,9,0,200243,433,0,0,0,0,5,12.9248125,7,18.83845916
1,7F16357F-C42F-4429-AA35-758AD677C8B8,04EBE247-8EE6-4E08-B78B-2E2CD67BD1D3,0,0.083333333,11,0,116047,333,0,0,0.016917172,0.010703699,5,12.9248125,1957,1067.998044
1,7F16357F-C42F-4429-AA35-758AD677C8B8,00F5BB5F-E3D9-4367-8591-DD11BBFC1243,0,0,8,0,304445,708,0,0,0,0,5,12.9248125,7,14.69674971
3,C223A27F-8AD3-47B3-B870-D825D9C67476,52C94912-E9AE-4411-9E1A-B997C55523A5,0.269069118,0.4,3,1,530,3,0,1,1,1,6,13.93156857,5,17.77956548
3,C223A27F-8AD3-47B3-B870-D825D9C67476,77465778-BC70-48FF-A5FE-9EAC174A0C17,0.509524665,0.5,2,1,50,1,1,1,1,1,6,13.93156857,8,19.60364031
3,C223A27F-8AD3-47B3-B870-D825D9C67476,06577F85-7B43-4E01-BBC6-0D69A62BEAC4,0.554700196,0.142857143,6,0,170,5,1,1,1,1,6,13.93156857,19,12.52029856
3,C223A27F-8AD3-47B3-B870-D825D9C67476,CD7C3BA3-8836-40CA-9630-2910E46CAEFF,0.226455407,0.166666667,5,0,360,6,0,1,1,1,6,13.93156857,2,7.813781191
1,C223A27F-8AD3-47B3-B870-D825D9C67476,B4163B28-A491-45D6-8307-C5E4D2B73407,0,0.142857143,6,0,111395,576,0,0,0,0,6,13.93156857,3,9.965784285
3,C223A27F-8AD3-47B3-B870-D825D9C67476,34D919AF-CBDB-4C54-BDFD-AD0B9315E3A5,0.452910814,0.166666667,5,0,400,8,0,1,1,1,6,13.93156857,23,8.81655871
1,C223A27F-8AD3-47B3-B870-D825D9C67476,018BD3E4-7C39-4B98-9385-489C3885C43B,0,0.142857143,6,0,111275,574,0,0,0,0,6,13.93156857,5,12.9248125
3,C223A27F-8AD3-47B3-B870-D825D9C67476,8FA7FF2B-AAF3-4A57-A559-B25B531B5961,0.605405515,0.5,2,1,10,0,1,1,1,1,6,13.93156857,4,11.62756238
1,C223A27F-8AD3-47B3-B870-D825D9C67476,F39C792E-326C-4D29-80C3-8FE032F4F51B,0,0.142857143,6,0,103595,508,0,0,0,0,6,13.93156857,2,7.813781191
1,1DF07FE5-9769-409A-9547-0377ED43EBA2,7FBF98EC-A0AD-4AF3-9427-3724D0CF3A79,0,0.230769231,11,0,196125,524,0,0,0,0,4,11.62756238,8,22.89059679
1,1DF07FE5-9769-409A-9547-0377ED43EBA2,A9BC633D-3F46-4A9A-923A-E62749CEE030,0.416666667,0.833333333,2,1,193346,481,0,0,0,0,6,21.44134357,8,22.89059679
1,A9BC633D-3F46-4A9A-923A-E62749CEE030,1DF07FE5-9769-409A-9547-0377ED43EBA2,0.416666667,0.833333333,2,1,193346,481,0,0,0,0,6,21.44134357,8,22.89059679
1,A9BC633D-3F46-4A9A-923A-E62749CEE030,23090A3B-3AF5-4062-888A-7043EA3F0342,0.25,0.833333333,2,1,358063,1218,0,0,0,0,6,21.44134357,6,17.8317031
1,6fad28cf-9d30-45ad-9ad0-7dffdeeacbae,3dcec391-3b16-42dd-a5c2-0fc1c00d2a84,0.721687836,0.090909091,10,0,47323,75,0,0,0,0,2,7.813781191,3,12.72067179
1,6fad28cf-9d30-45ad-9ad0-7dffdeeacbae,4cff4174-ccb9-4794-bdb8-489806c5a7f8,0.668153105,0.083333333,11,0,491202,101,0,0,0,0,2,7.813781191,12,15.86313714
1,6fad28cf-9d30-45ad-9ad0-7dffdeeacbae,b2ab1ce3-0d25-400f-b87b-93f3abdcde90,0.668153105,0.222222222,7,1,47333,76,0,0,0,0,2,7.813781191,5,16.53445298
1,6fad28cf-9d30-45ad-9ad0-7dffdeeacbae,5c2cb0b6-553c-4830-a095-578958575210,0.668153105,0.222222222,7,1,47423,81,0,0,0,0,2,7.813781191,6,13.93156857
1,6fad28cf-9d30-45ad-9ad0-7dffdeeacbae,a3f4875d-d9e6-404c-bf6d-cafc1b491873,0.668153105,0.222222222,7,1,46422,58,0,0,0,0,2,7.813781191,12,27.62156222
1,6fad28cf-9d30-45ad-9ad0-7dffdeeacbae,44a84706-0fce-4ffa-92c6-a4e44e129153,0.721687836,0.090909091,10,0,46952,65,0,0,0,0,2,7.813781191,2,9.813781191
3,6fad28cf-9d30-45ad-9ad0-7dffdeeacbae,2780480a-f916-45bd-88a0-5a35412d83ec,0.56694671,0.230769231,10,1,90,5,1,1,1,1,2,7.813781191,5,12.9248125
1,6fad28cf-9d30-45ad-9ad0-7dffdeeacbae,20c83900-803f-4ed0-a82b-39e1d2e65a6d,0.668153105,0.222222222,7,1,46912,64,0,0,0,0,2,7.813781191,5,12.9248125
2,7CF4715D-F84A-43C1-BC48-43DE9A0F1B04,0C9ED1EC-559C-442F-9165-BF735728224F,0.23570226,0.428571429,4,1,7710,92,0,0,0,0,2,9.813781191,2,7.813781191
2,7CF4715D-F84A-43C1-BC48-43DE9A0F1B04,03D0757F-3FEF-4D8F-B7A9-FEC7D512BA85,0.204124145,0.428571429,4,1,469,28,0,1,0,1,2,9.813781191,3,9.965784285
1,7CF4715D-F84A-43C1-BC48-43DE9A0F1B04,EE0052FC-EC29-4932-A678-1DE60697D323,0.23570226,0.428571429,4,1,2440,58,0,1,0.632455532,0.894427191,2,9.813781191,3,14.72067179
1,23090A3B-3AF5-4062-888A-7043EA3F0342,F70FA703-FD9B-4654-B410-11E7B4DBA61C,0,0.1875,14,0,14533,121,0,0,0,1,2,7.813781191,6,17.8317031
1,23090A3B-3AF5-4062-888A-7043EA3F0342,A9BC633D-3F46-4A9A-923A-E62749CEE030,0.25,0.833333333,2,1,358063,1218,0,0,0,0,6,21.44134357,6,17.8317031
1,43C1393A-142A-4008-9183-9C211CECAF49,77379CB8-07BE-4BC8-B472-B25448B2238F,0.666666667,0.846153846,2,1,92437,148,0,0,0.829156198,0,22,64.69046817,3,9.965784285
1,43C1393A-142A-4008-9183-9C211CECAF49,1630F32B-3E80-4177-8345-90886377B8D3,0.471404521,0.285714286,10,1,1740,36,0,1,0.035054537,0.088396998,22,64.69046817,347,305.9394986
1,43C1393A-142A-4008-9183-9C211CECAF49,5165DFFE-5491-470B-99ED-81FE93AE56A1,0,0.846153846,2,0,91706,142,0,0,0.178153979,0,22,64.69046817,61,28.84269098
1,EE0052FC-EC29-4932-A678-1DE60697D323,7CF4715D-F84A-43C1-BC48-43DE9A0F1B04,0.23570226,0.428571429,4,1,2440,58,0,1,0.632455532,0.894427191,2,9.813781191,3,14.72067179
2,EE0052FC-EC29-4932-A678-1DE60697D323,CF10F12C-F1A2-4EEE-BBB5-4608D9EFA9C6,0.23570226,0.25,6,1,20,0,1,1,0.447213595,0.447213595,2,7.813781191,3,14.72067179
2,358E1DFF-562E-4FFB-9FAD-FD89DA70068A,37FEBEFB-449E-439D-A859-BE75C9009727,0.158113883,0.5,4,1,292127,515,0,0,0,0.924528302,18,61.20461524,9,35.40712786
3,358E1DFF-562E-4FFB-9FAD-FD89DA70068A,50A30540-12DE-4A3C-9558-822F77DF8DE3,0.843274043,0.714285714,2,1,784,14,0,1,0.194257172,0.274721128,18,61.20461524,12,27.86313714
3,358E1DFF-562E-4FFB-9FAD-FD89DA70068A,307341E4-AE4A-4DC1-B177-CB9316EA051D,0.667423812,0.571428571,9,0,1517,19,0,1,0,0.274721128,18,61.20461524,36,55.58458275
3,358E1DFF-562E-4FFB-9FAD-FD89DA70068A,BF96A8B1-2EBC-4E50-89DC-A01C020379BE,0.63900965,0.571428571,9,0,39490,56,0,0,0,0.274721128,18,61.20461524,14,41.57705286
3,358E1DFF-562E-4FFB-9FAD-FD89DA70068A,5D636581-3185-4BA6-9C62-668AEC9EEFC4,0.821583836,0.571428571,9,0,17,1,2,2,0.105350743,0.274721128,18,61.20461524,18,53.91765876
1,A23AE4A1-1219-4FAA-9C15-06383EF2452E,A97CEF09-4465-4F7C-A14F-2545ADFD5089,0.25,0.444444444,5,1,268757,1227,0,0,0,0,3,12.72067179,4,11.62756238
1,A23AE4A1-1219-4FAA-9C15-06383EF2452E,C6D556A6-F643-4084-8D3E-290158C471CE,0.242535625,0,15,0,270527,1242,0,0,0,0,3,12.72067179,2,7.813781191
3,A23AE4A1-1219-4FAA-9C15-06383EF2452E,6BD2799C-B533-4FFD-BABC-7CE2EC0B3ACC,0.25,0.714285714,2,1,19,1,1,1,0.894427191,1,3,12.72067179,2,7.813781191
1,A23AE4A1-1219-4FAA-9C15-06383EF2452E,08B01F11-64BA-4C3E-8174-0403E021402F,0.288675135,0.444444444,5,1,160,86,1,1,0.026261287,0.058722022,3,12.72067179,18,35.79470571
1,A23AE4A1-1219-4FAA-9C15-06383EF2452E,93B845F5-7C4A-4CBD-BB06-C4AB7A2A97EF,0.25,0.625,3,1,2340,76,0,1,0.8,1,3,12.72067179,3,12.72067179
3,A23AE4A1-1219-4FAA-9C15-06383EF2452E,EBDC7746-DDF5-409A-AFB1-F918E3CFB65A,0.188982237,0.714285714,2,1,10,0,3,3,0.948683298,1,3,12.72067179,8,23.74534976
1,A23AE4A1-1219-4FAA-9C15-06383EF2452E,4418E75A-F817-4C55-8E79-3074D4104ECE,0.353553391,0.714285714,2,1,103716,543,0,0,0,0,3,12.72067179,5,12.9248125
1,A23AE4A1-1219-4FAA-9C15-06383EF2452E,5B406C8B-F653-4EB5-AE95-817BC1C28603,0.176776695,0.714285714,2,1,4450,132,0,0,0,0.948683298,3,12.72067179,4,14.87267488
1,A23AE4A1-1219-4FAA-9C15-06383EF2452E,44FD57FF-8ABF-4349-8A39-9727A4D7E578,0.25,0.4,6,1,106116,555,0,0,0,0,3,12.72067179,9,24.51053091
1,A23AE4A1-1219-4FAA-9C15-06383EF2452E,FBB41E3A-E56D-44B1-A5C9-5F52E379E386,0.242535625,0,15,0,270407,1241,0,0,0,0,3,12.72067179,6,13.93156857
2,37FEBEFB-449E-439D-A859-BE75C9009727,358E1DFF-562E-4FFB-9FAD-FD89DA70068A,0.158113883,0.5,4,1,292127,515,0,0,0,0.924528302,18,61.20461524,9,35.40712786
2,37FEBEFB-449E-439D-A859-BE75C9009727,50A30540-12DE-4A3C-9558-822F77DF8DE3,0.166666667,0.5,4,1,290127,506,0,0,0,0,12,27.86313714,9,35.40712786
1,D2EC5CF6-860E-406F-ADE0-771A6ED175A6,5C6AB760-D356-4E29-8E57-199D8354FA74,0,0.75,2,0,85241,629,0,0,1,0,3,9.965784285,94,48.69765414
1,D2EC5CF6-860E-406F-ADE0-771A6ED175A6,161450E7-33C3-49A6-8B98-CFCC5EBDECE8,0,0.625,11,0,155588,857,0,0,0.447213595,0,94,48.69765414,3,12.72067179
1,D2EC5CF6-860E-406F-ADE0-771A6ED175A6,238AAECF-0964-4B33-84C2-60E1EA8FEC80,0,0.333333333,10,0,259278,357,0,0,1,0,94,48.69765414,3,9.965784285
2,D2EC5CF6-860E-406F-ADE0-771A6ED175A6,F2927863-4DC9-4112-887A-7FA7DD458E15,0.2,0.666666667,3,1,360,1,0,1,0.008373553,1,94,48.69765414,162,149.9410627
1,D2EC5CF6-860E-406F-ADE0-771A6ED175A6,18CCEBAF-044D-4C06-BB3C-46FA24616113,0,0.555555556,4,0,72680,456,0,0,0,0,94,48.69765414,283,336.9212156
2,D2EC5CF6-860E-406F-ADE0-771A6ED175A6,657E6EF2-52A1-4BEB-BE09-B72F51692F5D,0.2,0.666666667,3,1,6150,45,0,0,0,1,94,48.69765414,21,40.58458275
1,D2EC5CF6-860E-406F-ADE0-771A6ED175A6,D1D2BB9B-70DB-4503-8945-B67EBC22F7B7,0,0.444444444,5,0,86341,668,0,0,1,0,10,23.06890596,94,48.69765414
1,A0039947-28C1-4855-88DA-600B5AE9EA2B,8D5F80D5-DF7E-456B-A268-B04AEBEA7C6B,0.40824829,0.555555556,4,1,727357,1199,0,0,0.374860366,0,26,28.52050546,570,237.9612934
1,A0039947-28C1-4855-88DA-600B5AE9EA2B,C4814D5C-F22D-4DEC-AAF6-B19346FE12E2,0.40824829,0.555555556,4,1,420905,692,0,0,0,0.088621894,26,28.52050546,550,299.6416195
1,A0039947-28C1-4855-88DA-600B5AE9EA2B,1630F32B-3E80-4177-8345-90886377B8D3,0.5,0.625,3,1,527487,949,0,0,0,0,26,28.52050546,347,305.9394986
2,A0039947-28C1-4855-88DA-600B5AE9EA2B,9507A9FD-6103-4E78-935F-5213EE885913,0,0,12,0,10,0,3,3,0.613220803,1,26,28.52050546,135,83.92588398
3,F7010068-04D6-45E4-9A03-47C2FCC2BE4A,2EB1B81D-9908-4C35-B8D3-C047FDE14F43,0,0.230769231,10,0,117295,446,0,0,0,0,37,23.41013568,28,43.35383666
1,F7010068-04D6-45E4-9A03-47C2FCC2BE4A,0A837D80-BBF5-483C-8EDE-3209F35193BD,0.186500962,0,14,0,72839,217,0,0,0,0,37,23.41013568,9,15.63269035
2,F7010068-04D6-45E4-9A03-47C2FCC2BE4A,F2DABF6B-C63B-428B-A9F5-994387EDDD41,0,0.777777778,2,0,103,1,1,2,0.073944579,0.856701565,1120,948.4640836,37,23.41013568
3,F7010068-04D6-45E4-9A03-47C2FCC2BE4A,CB358C6F-3670-4490-B947-F44553EAF0C2,0.182574186,0.777777778,2,0,219,4,1,2,0.167000684,0.285184419,1640,732.2523199,37,23.41013568
1,F7010068-04D6-45E4-9A03-47C2FCC2BE4A,8DAEC349-8021-484A-850D-103B5C0DFDF1,0.141421356,0.272727273,8,0,219036,453,0,0,0,0,37,23.41013568,6,13.93156857
2,F7010068-04D6-45E4-9A03-47C2FCC2BE4A,F55945FF-8879-4D5F-924A-EB93C1E1D196,0,0.777777778,2,0,88539,259,0,0,0,0,37,23.41013568,16,35.78119358
1,F7010068-04D6-45E4-9A03-47C2FCC2BE4A,3A5DF3AD-8780-45F7-A23A-56BC92177365,0,0.230769231,10,0,210230,422,0,0,0,0,37,23.41013568,3,14.72067179
1,F7010068-04D6-45E4-9A03-47C2FCC2BE4A,320392F6-42D2-4D82-80A3-3F56BF402F51,0.230940108,0.230769231,10,0,213862,436,0,0,0,0,37,23.41013568,2,7.813781191
2,F7010068-04D6-45E4-9A03-47C2FCC2BE4A,597DE452-26A9-4546-9BFD-23078C331AD5,0.516397779,0,12,0,133885,379,0,0,0,0,37,23.41013568,12,34.88268715
1,F7010068-04D6-45E4-9A03-47C2FCC2BE4A,8EFC94CA-B807-4AA2-8F6F-DAC02F3CDABE,0.129099445,0,14,0,72940,218,0,0,0,0,37,23.41013568,3,9.965784285
1,509B4496-AAFA-4615-A43A-8E9EA0F482A8,2EB1B81D-9908-4C35-B8D3-C047FDE14F43,0.223606798,0.6,4,1,15958,198,0,0,0,0.998752339,21,41.3293457,28,43.35383666
1,509B4496-AAFA-4615-A43A-8E9EA0F482A8,12B31BD5-74BF-4649-BE83-F7BBF88B19A5,0.216295228,0.6,4,1,1714,37,0,1,0,0.998752339,21,41.3293457,4,14.87267488
1,509B4496-AAFA-4615-A43A-8E9EA0F482A8,3A5DF3AD-8780-45F7-A23A-56BC92177365,0.188982237,0.6,4,1,30,13,1,2,0.022332781,0.049937617,21,41.3293457,3,14.72067179
2,509B4496-AAFA-4615-A43A-8E9EA0F482A8,F6A0E035-CEF6-4FA6-B36E-F4768BD45A8E,0.288675135,0.25,9,1,419,6,0,1,0.049937617,0.049937617,21,41.3293457,11,23.44647154
1,509B4496-AAFA-4615-A43A-8E9EA0F482A8,D99CD9AD-622D-4EBC-B2D8-AFE14A5F37F3,0.282842712,0,14,0,340,13,0,1,0.998752339,0.998752339,21,41.3293457,2,7.813781191
1,509B4496-AAFA-4615-A43A-8E9EA0F482A8,AE9C3AFA-2ADA-43CC-95F0-B2BD2908520B,0.288675135,0.363636364,7,1,40,2,1,1,7.22E-04,0.339379619,21,41.3293457,110,178.423668
1,509B4496-AAFA-4615-A43A-8E9EA0F482A8,BF94F4C5-995B-4683-B24A-535AFD5E247E,0.216295228,0.6,4,1,3721,17,0,0,0,0.049937617,21,41.3293457,6,13.93156857
1,509B4496-AAFA-4615-A43A-8E9EA0F482A8,B19A658E-D1CB-4735-B6EC-3E734F47812D,0,0.3,7,0,14052,62,0,0,0,0.566134102,133,110.497136,21,41.3293457
1,509B4496-AAFA-4615-A43A-8E9EA0F482A8,320392F6-42D2-4D82-80A3-3F56BF402F51,0.182574186,0.6,4,1,3601,15,0,0,0,0.049937617,21,41.3293457,2,7.813781191
2,509B4496-AAFA-4615-A43A-8E9EA0F482A8,A9E52D28-B2DC-4B5A-A75D-B26C34ED9176,0.213200716,0,13,0,24,1,2,3,0.998752339,0.998752339,21,41.3293457,3,12.72067179
1,5B406C8B-F653-4EB5-AE95-817BC1C28603,93B845F5-7C4A-4CBD-BB06-C4AB7A2A97EF,0.176776695,0.625,3,1,2090,57,0,1,0,0.948683298,3,12.72067179,4,14.87267488
1,5B406C8B-F653-4EB5-AE95-817BC1C28603,A23AE4A1-1219-4FAA-9C15-06383EF2452E,0.176776695,0.714285714,2,1,4450,132,0,0,0,0.948683298,3,12.72067179,4,14.87267488
1,F39C792E-326C-4D29-80C3-8FE032F4F51B,4118E940-DEB3-4940-B255-CA8190592B73,0,0.142857143,6,0,175380,827,0,0,0.063717213,0,87,85.17166311,2,7.813781191
1,F39C792E-326C-4D29-80C3-8FE032F4F51B,C223A27F-8AD3-47B3-B870-D825D9C67476,0,0.142857143,6,0,103595,508,0,0,0,0,6,13.93156857,2,7.813781191
1,161450E7-33C3-49A6-8B98-CFCC5EBDECE8,B9A4FB0C-EBA6-47DA-8D03-734D9BD79252,0.288675135,0.272727273,8,1,8,0,2,2,0.277350098,0.658504608,15,56.09358393,3,12.72067179
1,161450E7-33C3-49A6-8B98-CFCC5EBDECE8,D1D2BB9B-70DB-4503-8945-B67EBC22F7B7,0,0.333333333,10,0,69016,205,0,0,0.447213595,0,10,23.06890596,3,12.72067179
1,161450E7-33C3-49A6-8B98-CFCC5EBDECE8,C56EF5A5-7505-4A2B-9111-97269D6E4015,0,0.375,5,1,177888,1017,0,0,0,0,4,11.62756238,3,12.72067179
1,161450E7-33C3-49A6-8B98-CFCC5EBDECE8,D2EC5CF6-860E-406F-ADE0-771A6ED175A6,0,0.625,11,0,155588,857,0,0,0.447213595,0,94,48.69765414,3,12.72067179
1,161450E7-33C3-49A6-8B98-CFCC5EBDECE8,18CCEBAF-044D-4C06-BB3C-46FA24616113,0,0.444444444,11,0,73422,291,0,0,0,0,283,336.9212156,3,12.72067179
1,D99CD9AD-622D-4EBC-B2D8-AFE14A5F37F3,509B4496-AAFA-4615-A43A-8E9EA0F482A8,0.282842712,0,14,0,340,13,0,1,0.998752339,0.998752339,21,41.3293457,2,7.813781191
1,D99CD9AD-622D-4EBC-B2D8-AFE14A5F37F3,B19A658E-D1CB-4735-B6EC-3E734F47812D,0.141421356,0,11,0,15442,78,0,0,0,0.566841328,133,110.497136,2,7.813781191
1,320392F6-42D2-4D82-80A3-3F56BF402F51,509B4496-AAFA-4615-A43A-8E9EA0F482A8,0.182574186,0.6,4,1,3601,15,0,0,0,0.049937617,21,41.3293457,2,7.813781191
1,320392F6-42D2-4D82-80A3-3F56BF402F51,F6EED236-27A4-4AD4-A78B-E4896B32D3CE,0.281718085,0.6,4,1,3611,16,0,0,0,1,2,7.813781191,2,7.813781191
1,320392F6-42D2-4D82-80A3-3F56BF402F51,F7010068-04D6-45E4-9A03-47C2FCC2BE4A,0.230940108,0.230769231,10,0,213862,436,0,0,0,0,37,23.41013568,2,7.813781191
2,320392F6-42D2-4D82-80A3-3F56BF402F51,F2DABF6B-C63B-428B-A9F5-994387EDDD41,0,0.230769231,10,0,120452,164,0,0,0.004929639,0,1120,948.4640836,2,7.813781191
2,320392F6-42D2-4D82-80A3-3F56BF402F51,CB358C6F-3670-4490-B947-F44553EAF0C2,0,0.230769231,10,0,170,5,2,2,0.124828794,0.618270909,1640,732.2523199,2,7.813781191
1,1F45B642-4720-4295-B6E7-657D4A008666,530D39A9-D708-4340-B527-80A7AE56B93F,0,0,12,0,20,1,1,1,0.310876656,0.988371698,32,46.4982492,15,43.95187448
1,1F45B642-4720-4295-B6E7-657D4A008666,4118E940-DEB3-4940-B255-CA8190592B73,0,0.125,7,0,146888,691,0,0,0.892605894,0,87,85.17166311,15,43.95187448
2,7339EDCF-8433-46FC-8741-E02DA2244C68,5C6AB760-D356-4E29-8E57-199D8354FA74,0,0.5,5,0,12597,187,0,0,0,1,63,123.9869409,3,9.965784285
3,7339EDCF-8433-46FC-8741-E02DA2244C68,18CCEBAF-044D-4C06-BB3C-46FA24616113,0.881917104,0.5,5,1,37,3,1,1,0.069521119,1,283,336.9212156,63,123.9869409
1,7339EDCF-8433-46FC-8741-E02DA2244C68,657E6EF2-52A1-4BEB-BE09-B72F51692F5D,0,0.454545455,6,0,73157,325,0,0,0.238749836,0,63,123.9869409,21,40.58458275
1,7339EDCF-8433-46FC-8741-E02DA2244C68,B789E58E-376E-41B3-A859-51195815725C,0,0.083333333,11,0,54,1,1,2,0.845279701,1,63,123.9869409,3,9.965784285
1,01140E19-F82A-42BC-88D5-14FD98D5F39D,7FBF98EC-A0AD-4AF3-9427-3724D0CF3A79,0,0,10,0,181797,465,0,0,0,0,4,11.62756238,4,15.62756238
3,01140E19-F82A-42BC-88D5-14FD98D5F39D,8DAA9A9B-1931-4B3A-8E6F-3F7C0AD6A630,0,0.111111111,8,0,3869,38,0,0,0,1,4,15.62756238,4,15.62756238
1,9C2C7521-DE44-47B2-8A54-59A662AC8392,D6A2CF92-D752-4B17-9041-D7F92CC801AA,0,0.272727273,9,1,9,0,2,4,0.440436742,0.583538797,4,17.62756238,1074,1772.230769
1,9C2C7521-DE44-47B2-8A54-59A662AC8392,C9E7B0F3-414C-41AB-A5A0-5595C8E4C1EF,0,0.5,4,0,1118670,1523,0,0,0,0.007949663,4,17.62756238,426,513.492012
1,9C2C7521-DE44-47B2-8A54-59A662AC8392,42B3A990-3ACD-4A23-834A-F494A4CBB8BE,0,0.5,4,0,1368626,1967,0,0,0,0,4,17.62756238,26,54.78516797
3,9C2C7521-DE44-47B2-8A54-59A662AC8392,EACE04F6-7CB3-4930-A5F8-91DF6A7FAC4F,0.75,0.75,2,1,679,8,0,1,0.707106781,1,4,17.62756238,25,31.96164213
2,EB2DC0BE-E45F-4E7D-8333-DE0533EFBD1B,0AD1F7D9-0DD3-4419-915B-8C37353650C8,0.829156198,0.5,4,1,350,9,0,1,0.554700196,1,5,17.77956548,3,9.965784285
2,EB2DC0BE-E45F-4E7D-8333-DE0533EFBD1B,8733E97D-D561-4B74-8A78-45C25C983290,0.901387819,0.5,4,1,19,1,2,2,0.999927428,1,5,17.77956548,32,54.13372123
2,EB2DC0BE-E45F-4E7D-8333-DE0533EFBD1B,81A2A9B1-2218-4B79-9F04-1A905EDF0CB2,0.868599036,0.5,7,0,100,2,1,1,0.554700196,1,5,17.77956548,2,7.813781191
1,530D39A9-D708-4340-B527-80A7AE56B93F,882B307C-CC6D-45DB-957A-19CBB0A8F90A,0,0.571428571,3,0,278551,1325,0,0,0,0,56,58.78587335,32,46.4982492
1,530D39A9-D708-4340-B527-80A7AE56B93F,3EC3B672-288F-4D7F-83F8-B44CB886883A,0,0,15,0,7,0,2,3,0.110240962,1,32,46.4982492,60,136.9134799
1,530D39A9-D708-4340-B527-80A7AE56B93F,548C4FE9-A4AD-42BB-9C89-E5B6C457E23A,0.40824829,0,10,0,21762,97,0,0,0,1,32,46.4982492,7,18.83845916
1,530D39A9-D708-4340-B527-80A7AE56B93F,0924AF24-7804-4B25-A50B-CFFA1B9F746E,0.40824829,0,12,0,12011,71,0,0,0,1,32,46.4982492,32,46.86103492
1,530D39A9-D708-4340-B527-80A7AE56B93F,AB78AFE2-A280-458F-B459-46941C1FEEC8,0,0.5,4,0,264567,1142,0,0,0,0,32,46.4982492,43,72.49280215
3,530D39A9-D708-4340-B527-80A7AE56B93F,4F34ABFB-88D1-4F2F-BC80-928A0EEF1822,NaN,0,10,0,38,3,1,2,0.948683298,1,32,46.4982492,52,39.77970511
1,530D39A9-D708-4340-B527-80A7AE56B93F,FFCFF293-16CC-4FFA-863F-E7F2AF7F6799,0.471404521,0.5,4,1,264657,1144,0,0,0,0,32,46.4982492,6,17.8317031
1,530D39A9-D708-4340-B527-80A7AE56B93F,1F45B642-4720-4295-B6E7-657D4A008666,0,0,12,0,20,1,1,1,0.310876656,0.988371698,32,46.4982492,15,43.95187448
1,530D39A9-D708-4340-B527-80A7AE56B93F,3DF09D02-AB09-461C-9225-910922BE829B,0.40824829,0,11,0,22188,100,0,0,0,1,32,46.4982492,6,13.93156857
1,530D39A9-D708-4340-B527-80A7AE56B93F,EAC8E36F-FBBC-49B2-A170-42D83F8887C6,0.471404521,0.571428571,3,1,160870,686,0,0,0.895041285,0,26,46.71113405,32,46.4982492
1,D6A2CF92-D752-4B17-9041-D7F92CC801AA,C9E7B0F3-414C-41AB-A5A0-5595C8E4C1EF,0,0.333333333,7,0,100,2,1,1,0.287533501,0.323782213,1074,1772.230769,426,513.492012
1,D6A2CF92-D752-4B17-9041-D7F92CC801AA,918519E8-43FE-4009-AA1B-BD37AA57CA5A,0.40824829,0.3,14,0,189,10,1,2,0.277487828,0.583538797,1074,1772.230769,6,13.93156857
1,D6A2CF92-D752-4B17-9041-D7F92CC801AA,9C2C7521-DE44-47B2-8A54-59A662AC8392,0,0.272727273,9,1,9,0,2,4,0.440436742,0.583538797,4,17.62756238,1074,1772.230769
1,D6A2CF92-D752-4B17-9041-D7F92CC801AA,20AE23B4-DA74-4EE6-842B-14F6A45DF957,0.288675135,0.333333333,7,0,5183,33,0,0,0.110636527,0.503906197,1074,1772.230769,57,63.14724562
1,D6A2CF92-D752-4B17-9041-D7F92CC801AA,F0225F59-D596-4BC2-8A5A-3E11735BFD2B,0,0.375,6,0,9,0,8,15,0.433899746,0.689675481,1074,1772.230769,158,299.3514877
1,D6A2CF92-D752-4B17-9041-D7F92CC801AA,D4AA02CD-BEC3-4F42-B965-43CE91AC052A,0,0,12,0,39,2,2,3,0.338193876,0.671298337,1074,1772.230769,7,27.59334667
1,BE233947-CC21-4745-AF6C-B359C1A25DC7,93B845F5-7C4A-4CBD-BB06-C4AB7A2A97EF,0.377964473,0.625,3,1,62941,312,0,0,0,0,3,12.72067179,6,17.8317031
1,BE233947-CC21-4745-AF6C-B359C1A25DC7,882B307C-CC6D-45DB-957A-19CBB0A8F90A,0.267261242,0.571428571,9,0,112560,620,0,0,0,0,56,58.78587335,6,17.8317031
2,4118E940-DEB3-4940-B255-CA8190592B73,52BD980A-6F8D-4BB9-9ED0-4351085B5D90,0,0.125,7,0,9,0,12,12,0.902399035,0.768442751,87,85.17166311,239,437.5934972
1,4118E940-DEB3-4940-B255-CA8190592B73,ACBEAFD9-9972-4406-89D0-CEA882DF1679,0,0.142857143,6,0,20,1,1,1,0.90797029,1,87,85.17166311,92,27.56238715
3,4118E940-DEB3-4940-B255-CA8190592B73,57CCB63D-F6E7-4159-99F7-3EC52634A3A6,0.175411604,0,9,0,19,4,2,2,0.292856679,1,87,85.17166311,2,9.813781191
1,4118E940-DEB3-4940-B255-CA8190592B73,1F45B642-4720-4295-B6E7-657D4A008666,0,0.125,7,0,146888,691,0,0,0.892605894,0,87,85.17166311,15,43.95187448
1,4118E940-DEB3-4940-B255-CA8190592B73,7C38D31E-1703-4092-9368-FFC769B9B125,0.175411604,0.2,4,0,240416,1089,0,0,0.245513782,0,87,85.17166311,9,32.55237489
1,4118E940-DEB3-4940-B255-CA8190592B73,B4163B28-A491-45D6-8307-C5E4D2B73407,0,0.142857143,6,0,167571,760,0,0,0.90797029,0,87,85.17166311,3,9.965784285
3,4118E940-DEB3-4940-B255-CA8190592B73,029AB283-FBF0-4FC1-BF76-E6FB045B212A,0.861891607,0.333333333,4,1,19,1,2,2,0.90797029,1,87,85.17166311,2,7.813781191
3,4118E940-DEB3-4940-B255-CA8190592B73,B4B82FF4-EA6B-47BA-97A1-E067B1FD3813,0.837234458,0.333333333,4,1,26,1,2,2,0.90797029,1,87,85.17166311,4,11.62756238
1,4118E940-DEB3-4940-B255-CA8190592B73,F39C792E-326C-4D29-80C3-8FE032F4F51B,0,0.142857143,6,0,175380,827,0,0,0.063717213,0,87,85.17166311,2,7.813781191
1,21ECCD2A-6AD8-45FC-AFE0-3D868F23C243,B19A658E-D1CB-4735-B6EC-3E734F47812D,0.5,0.375,5,1,232076,723,0,0,0,0,133,110.497136,55,44.04307441
1,21ECCD2A-6AD8-45FC-AFE0-3D868F23C243,F2DABF6B-C63B-428B-A9F5-994387EDDD41,0.5,0.272727273,8,1,232293,724,0,0,0.196452208,0,1120,948.4640836,55,44.04307441
1,3A5DF3AD-8780-45F7-A23A-56BC92177365,F6EED236-27A4-4AD4-A78B-E4896B32D3CE,0.233284737,0.6,4,1,10,0,1,2,0.447213595,1,2,7.813781191,3,14.72067179
1,3A5DF3AD-8780-45F7-A23A-56BC92177365,F7010068-04D6-45E4-9A03-47C2FCC2BE4A,0,0.230769231,10,0,210230,422,0,0,0,0,37,23.41013568,3,14.72067179
1,3A5DF3AD-8780-45F7-A23A-56BC92177365,509B4496-AAFA-4615-A43A-8E9EA0F482A8,0.188982237,0.6,4,1,30,13,1,2,0.022332781,0.049937617,21,41.3293457,3,14.72067179
1,3A5DF3AD-8780-45F7-A23A-56BC92177365,CB358C6F-3670-4490-B947-F44553EAF0C2,0,0.230769231,10,0,30,2,4,4,0.164457827,0.618270909,1640,732.2523199,3,14.72067179
1,F2DABF6B-C63B-428B-A9F5-994387EDDD41,21ECCD2A-6AD8-45FC-AFE0-3D868F23C243,0.5,0.272727273,8,1,232293,724,0,0,0.196452208,0,1120,948.4640836,55,44.04307441
1,F2DABF6B-C63B-428B-A9F5-994387EDDD41,00C791A1-205E-4CE3-A5B2-A543E4B88A33,0,0,12,0,10,0,6,7,0.633618948,0.523630785,1120,948.4640836,27,94.07967412
1,F2DABF6B-C63B-428B-A9F5-994387EDDD41,01A0ADC3-ACFC-4A03-B6BC-51E4D97FB58D,0,0,12,0,216447,532,0,0,0.492963858,0,1120,948.4640836,3,9.965784285
2,F2DABF6B-C63B-428B-A9F5-994387EDDD41,84EDB627-146B-42F4-B5A5-73B277D25FDB,0,0.230769231,10,0,14,0,3,4,0.352961287,0.43009551,1120,948.4640836,17,43.36339232
2,F2DABF6B-C63B-428B-A9F5-994387EDDD41,F7010068-04D6-45E4-9A03-47C2FCC2BE4A,0,0.777777778,2,0,103,1,1,2,0.073944579,0.856701565,1120,948.4640836,37,23.41013568
2,F2DABF6B-C63B-428B-A9F5-994387EDDD41,320392F6-42D2-4D82-80A3-3F56BF402F51,0,0.230769231,10,0,120452,164,0,0,0.004929639,0,1120,948.4640836,2,7.813781191
1,F2DABF6B-C63B-428B-A9F5-994387EDDD41,04A9DC81-5890-424D-AB48-852A6380ABCC,0,0,15,0,4672,62,0,0,0.142959519,0.454775019,1120,948.4640836,2,7.813781191
1,F2DABF6B-C63B-428B-A9F5-994387EDDD41,7DF568D5-B2C5-4F2A-A0C3-5AFD5C65FF3B,0,0.25,9,0,140,9,1,2,0.038993035,0.486559336,83,79.55511941,1120,948.4640836
2,F2DABF6B-C63B-428B-A9F5-994387EDDD41,43D124B1-DE6E-4E16-8BF5-7E3DC8044DDF,0,0,9,0,4,0,7,13,0.442516981,0.342034965,1120,948.4640836,54,212.2430362
2,5C6AB760-D356-4E29-8E57-199D8354FA74,7339EDCF-8433-46FC-8741-E02DA2244C68,0,0.5,5,0,12597,187,0,0,0,1,63,123.9869409,3,9.965784285
1,5C6AB760-D356-4E29-8E57-199D8354FA74,C56EF5A5-7505-4A2B-9111-97269D6E4015,0,0.333333333,10,0,107542,791,0,0,0,0,4,11.62756238,3,9.965784285
1,5C6AB760-D356-4E29-8E57-199D8354FA74,D2EC5CF6-860E-406F-ADE0-771A6ED175A6,0,0.75,2,0,85241,629,0,0,1,0,3,9.965784285,94,48.69765414
3,5C6AB760-D356-4E29-8E57-199D8354FA74,FEAAA6C8-6100-4C08-AAF5-B9296006C282,0,0.428571429,8,0,9,0,2,2,0.587415376,0.906776935,3,9.965784285,727,978.5692739
1,5C6AB760-D356-4E29-8E57-199D8354FA74,F2927863-4DC9-4112-887A-7FA7DD458E15,0,0.666666667,3,0,86831,635,0,0,0.008373553,0,3,9.965784285,162,149.9410627
2,5C6AB760-D356-4E29-8E57-199D8354FA74,18CCEBAF-044D-4C06-BB3C-46FA24616113,0,0.555555556,4,0,3075,56,0,1,0,1,283,336.9212156,3,9.965784285
2,5C6AB760-D356-4E29-8E57-199D8354FA74,D1D2BB9B-70DB-4503-8945-B67EBC22F7B7,0.5,0.444444444,5,1,1073,45,0,1,1,1,3,9.965784285,10,23.06890596
1,B19A658E-D1CB-4735-B6EC-3E734F47812D,21ECCD2A-6AD8-45FC-AFE0-3D868F23C243,0.5,0.375,5,1,232076,723,0,0,0,0,133,110.497136,55,44.04307441
1,B19A658E-D1CB-4735-B6EC-3E734F47812D,1114852C-1B29-4969-91B7-C007913DE50B,0,0.3,7,0,116664,153,0,0,0,0,133,110.497136,18,38.32403072
1,B19A658E-D1CB-4735-B6EC-3E734F47812D,00C791A1-205E-4CE3-A5B2-A543E4B88A33,0,0,9,0,2025,11,0,2,0.147274708,0.623951602,133,110.497136,27,94.07967412
1,B19A658E-D1CB-4735-B6EC-3E734F47812D,01A0ADC3-ACFC-4A03-B6BC-51E4D97FB58D,0,0,9,0,216231,531,0,0,0,0,133,110.497136,3,9.965784285
1,B19A658E-D1CB-4735-B6EC-3E734F47812D,84EDB627-146B-42F4-B5A5-73B277D25FDB,0,0.3,7,0,14327,64,0,0,0,0.536080259,133,110.497136,17,43.36339232
1,B19A658E-D1CB-4735-B6EC-3E734F47812D,D99CD9AD-622D-4EBC-B2D8-AFE14A5F37F3,0.141421356,0,11,0,15442,78,0,0,0,0.566841328,133,110.497136,2,7.813781191
1,B19A658E-D1CB-4735-B6EC-3E734F47812D,015C7056-8944-4CBF-9FF4-CC5D8B1CD04A,0,0.375,5,0,4910,51,0,0,0.400817347,0,133,110.497136,2,9.813781191
1,B19A658E-D1CB-4735-B6EC-3E734F47812D,509B4496-AAFA-4615-A43A-8E9EA0F482A8,0,0.3,7,0,14052,62,0,0,0,0.566134102,133,110.497136,21,41.3293457
1,B19A658E-D1CB-4735-B6EC-3E734F47812D,01385D53-4470-420F-82F5-A4B025952F57,0,0,16,0,218571,558,0,0,0,0,133,110.497136,3,9.965784285
1,018BD3E4-7C39-4B98-9385-489C3885C43B,C223A27F-8AD3-47B3-B870-D825D9C67476,0,0.142857143,6,0,111275,574,0,0,0,0,6,13.93156857,5,12.9248125
1,018BD3E4-7C39-4B98-9385-489C3885C43B,AB78AFE2-A280-458F-B459-46941C1FEEC8,0,0,11,0,265157,1149,0,0,0,0,43,72.49280215,5,12.9248125
1,0D1EFE9F-DE90-4FFA-BD62-BBD1EB6A554F,8C267C2C-DA65-4771-ACF2-176CAE5827B3,0,0,13,0,43,14,1,2,0.273025373,0.870470423,185,288.8559114,9,28.16201536
3,0D1EFE9F-DE90-4FFA-BD62-BBD1EB6A554F,3B027EB5-366F-45E8-9CD4-92A81716C562,0.377964473,0.375,5,1,16051,63,0,0,0.168709017,0.662745594,77,140.7974342,185,288.8559114
2,0D1EFE9F-DE90-4FFA-BD62-BBD1EB6A554F,4246A0F0-8E44-4C5D-BEB0-96D539AB870B,0.428571429,0.777777778,2,1,10,0,3,6,0.886963148,0.345859183,185,288.8559114,176,162.2619921
2,0D1EFE9F-DE90-4FFA-BD62-BBD1EB6A554F,097B049C-BC28-4164-8BCC-FBEC64EC838C,0.46291005,0.636363636,4,1,9,0,7,10,0.865306085,0.733832077,185,288.8559114,46,68.06540193
1,01385D53-4470-420F-82F5-A4B025952F57,1D153994-6D3C-45E3-A6F5-47817E1A0281,0,0,19,0,315927,840,0,0,0,0,30,32.23883096,3,9.965784285
1,01385D53-4470-420F-82F5-A4B025952F57,B19A658E-D1CB-4735-B6EC-3E734F47812D,0,0,16,0,218571,558,0,0,0,0,133,110.497136,3,9.965784285
1,C56EF5A5-7505-4A2B-9111-97269D6E4015,161450E7-33C3-49A6-8B98-CFCC5EBDECE8,0,0.375,5,1,177888,1017,0,0,0,0,4,11.62756238,3,12.72067179
1,C56EF5A5-7505-4A2B-9111-97269D6E4015,5C6AB760-D356-4E29-8E57-199D8354FA74,0,0.333333333,10,0,107542,791,0,0,0,0,4,11.62756238,3,9.965784285
3,C56EF5A5-7505-4A2B-9111-97269D6E4015,F2539764-A43C-48DA-B1C8-4B0091D8057C,0,0.666666667,2,0,90,2,2,2,1,1,4,11.62756238,23,54.61965274
1,0189C6C6-C0E6-48B1-AF89-75B06408DE53,7F16357F-C42F-4429-AA35-758AD677C8B8,0,0,9,0,200243,433,0,0,0,0,5,12.9248125,7,18.83845916
1,0189C6C6-C0E6-48B1-AF89-75B06408DE53,B23E0203-1783-4DF3-8F1F-5D66C4A712C1,NaN,0,13,0,510,13,0,1,1,1,11,23.44647154,7,18.83845916
3,015C7056-8944-4CBF-9FF4-CC5D8B1CD04A,1D153994-6D3C-45E3-A6F5-47817E1A0281,0,0.4,8,0,91038,275,0,0,0,0,30,32.23883096,2,9.813781191
1,015C7056-8944-4CBF-9FF4-CC5D8B1CD04A,B19A658E-D1CB-4735-B6EC-3E734F47812D,0,0.375,5,0,4910,51,0,0,0.400817347,0,133,110.497136,2,9.813781191
1,01536f96-ad43-45c9-8bf8-35a92b9b36f2,bc335da0-4e19-4a5c-8b5f-9149587c616c,0,0.142857143,6,0,44491,125,0,0,0,0.196116135,11,20.7565156,18,27.72067179
1,01536f96-ad43-45c9-8bf8-35a92b9b36f2,4360a1bb-af03-4c59-aaae-f5503f4c89ea,0.158113883,0.1,9,0,461211,568,0,0,0,0,3,9.965784285,18,27.72067179
1,657E6EF2-52A1-4BEB-BE09-B72F51692F5D,18CCEBAF-044D-4C06-BB3C-46FA24616113,0,0.5,5,0,80061,498,0,0,0.751396744,0,283,336.9212156,21,40.58458275
1,657E6EF2-52A1-4BEB-BE09-B72F51692F5D,7339EDCF-8433-46FC-8741-E02DA2244C68,0,0.454545455,6,0,73157,325,0,0,0.238749836,0,63,123.9869409,21,40.58458275
2,657E6EF2-52A1-4BEB-BE09-B72F51692F5D,D2EC5CF6-860E-406F-ADE0-771A6ED175A6,0.2,0.666666667,3,1,6150,45,0,0,0,1,94,48.69765414,21,40.58458275
